16:14:47.016 -> -0.39,-0.17,8.81, -0.03,-0.13,0.01
16:14:47.063 -> -0.43,-0.28,8.66, 0.01,-0.09,-0.02
16:14:47.110 -> -0.29,-0.20,8.81, -0.03,-0.14,-0.05
16:14:47.157 -> -0.34,-0.28,8.76, 0.04,-0.11,-0.03
16:14:47.203 -> -0.45,-0.23,8.90, -0.04,-0.14,-0.01
16:14:47.250 -> -0.37,-0.41,8.68, 0.02,-0.14,-0.12
16:14:47.297 -> -0.18,-0.07,8.73, 0.06,-0.12,-0.09
16:14:47.344 -> -0.21,-0.13,8.76, -0.05,-0.19,-0.06
16:14:47.391 -> -0.33,-0.13,8.77, -0.02,-0.11,0.01
16:14:47.438 -> -0.23,-0.29,8.60, -0.00,-0.13,0.01
16:14:47.485 -> -0.46,-0.11,8.91, 0.05,-0.04,-0.00
16:14:47.532 -> -0.32,-0.22,8.72, -0.03,-0.18,-0.01
16:14:47.625 -> -0.39,-0.12,8.83, -0.01,-0.10,-0.01
16:14:47.672 -> -0.43,-0.21,8.77, -0.14,-0.22,0.03
16:14:47.719 -> -0.21,-0.20,8.73, -0.01,-0.09,0.02
16:14:47.766 -> -0.30,-0.23,8.83, -0.13,-0.21,0.04
16:14:47.813 -> -0.28,-0.36,8.64, -0.02,-0.10,0.08
16:14:47.860 -> -0.38,-0.40,8.81, -0.04,-0.17,-0.01
16:14:47.907 -> -0.15,-0.19,8.57, -0.15,-0.26,-0.05
16:14:47.953 -> -0.30,-0.31,8.69, -0.03,-0.09,0.10
16:14:48.000 -> -0.39,-0.12,8.63, -0.08,-0.06,0.23
16:14:48.047 -> -0.39,-0.27,8.63, -0.19,-0.08,0.25
16:14:48.094 -> -0.08,-0.68,8.51, -0.41,-0.13,0.33
16:14:48.141 -> -0.37,-0.49,8.76, -0.04,0.07,0.10
16:14:48.188 -> -0.21,-0.40,8.54, 0.13,-0.01,0.22
16:14:48.236 -> -0.58,-0.22,8.85, -0.19,-0.30,-0.09
16:14:48.283 -> -0.36,-0.79,8.60, -0.10,-0.06,0.15
16:14:48.376 -> 0.26,-0.63,9.00, -0.42,0.33,0.58
16:14:48.424 -> 1.27,-1.17,8.84, 0.29,-0.19,0.42
16:14:48.471 -> -1.13,-2.57,11.32, 0.54,-0.77,0.17
16:14:48.518 -> 0.80,-1.09,7.82, -0.19,-0.38,-0.24
16:14:48.565 -> -0.73,-0.40,9.19, -0.21,-0.48,-0.60
16:14:48.612 -> 1.10,0.36,7.33, -0.05,-0.18,0.02
16:14:48.659 -> 0.83,-1.07,8.22, -0.74,-0.14,-0.04
16:14:48.706 -> 1.32,0.46,7.36, -0.81,0.31,0.49
16:14:48.752 -> 0.18,-2.18,8.72, -0.44,0.63,0.35
16:14:48.799 -> -0.27,-0.68,7.41, -0.09,0.54,0.43
16:14:48.846 -> -1.62,-1.59,10.05, 0.95,0.31,0.03
16:14:48.893 -> -0.96,-0.41,8.29, 0.63,-0.32,-0.13
16:14:48.940 -> -1.64,-1.60,9.35, 0.37,-0.10,-0.09
16:14:48.987 -> -2.76,-1.24,8.63, -0.08,0.03,0.73
16:14:49.034 -> -0.41,0.49,10.14, -0.01,-0.20,0.15
16:14:49.127 -> -0.73,-0.14,7.09, -0.16,0.03,0.23
16:14:49.174 -> -1.60,-1.10,8.82, 0.01,0.06,-0.16
16:14:49.221 -> -1.14,-0.29,10.16, 0.02,-0.18,-0.23
16:14:49.268 -> -1.03,-0.34,9.15, -0.11,-0.02,0.00
16:14:49.315 -> -1.28,-0.62,8.05, -0.20,-0.23,-0.01
16:14:49.362 -> -2.20,-1.64,8.61, 0.02,-0.14,0.02
16:14:49.408 -> -0.76,-0.10,8.16, 0.15,-0.20,-0.11
16:14:49.455 -> -1.18,-0.53,8.15, -0.02,-0.05,0.11
16:14:49.502 -> -0.60,0.05,8.73, -0.02,-0.24,0.04
16:14:49.549 -> -0.99,-0.07,8.44, -0.09,-0.19,0.22
16:14:49.596 -> -1.19,-0.56,8.00, 0.01,-0.31,0.20
16:14:49.643 -> -0.27,0.12,8.20, 0.03,-0.18,0.19
16:14:49.690 -> -2.25,-0.25,7.40, 0.00,-0.06,0.48
16:14:49.737 -> -1.17,-0.64,10.70, 0.17,0.12,0.19
16:14:49.783 -> -2.30,-0.86,6.75, -0.39,-0.52,0.34
16:14:49.877 -> -1.40,0.03,8.95, 0.37,-0.07,0.19
16:14:49.924 -> -1.01,0.12,8.65, -0.13,-0.08,0.12
16:14:49.971 -> -1.29,-0.02,8.96, 0.06,-0.05,0.00
16:14:50.018 -> -1.05,0.85,7.81, -0.12,-0.17,0.19
16:14:50.065 -> -1.80,-0.63,9.36, 0.02,0.00,0.24
16:14:50.111 -> -1.70,-0.30,8.12, -0.20,-0.04,-0.02
16:14:50.158 -> -1.41,-0.85,8.54, 0.14,-0.10,-0.08
16:14:50.205 -> -0.62,0.32,8.56, 0.23,-0.15,-0.12
16:14:50.252 -> -1.23,0.10,8.74, -0.11,-0.17,0.02
16:14:50.299 -> -1.76,-0.71,8.51, -0.02,-0.02,-0.24
16:14:50.346 -> -1.08,1.54,6.29, 0.61,0.10,-0.49
16:14:50.393 -> -1.50,0.98,8.08, -0.16,-0.93,0.06
16:14:50.440 -> -2.34,-0.13,8.15, -0.16,-0.24,0.21
16:14:50.486 -> -1.45,-0.38,8.74, 0.12,-0.26,0.22
16:14:50.533 -> -1.54,-0.64,8.60, -0.17,-0.06,0.23
16:14:50.627 -> -0.83,0.01,9.12, 0.06,-0.14,0.03
16:14:50.674 -> -1.38,0.06,8.31, -0.18,-0.00,0.32
16:14:50.721 -> -1.56,-0.34,8.63, -0.20,-0.00,0.22
16:14:50.768 -> -1.70,-0.09,8.57, -0.10,-0.22,0.12
16:14:50.815 -> -1.52,-0.11,8.91, -0.13,-0.00,0.16
16:14:50.861 -> -1.21,0.12,8.03, 0.12,-0.10,0.05
16:14:50.908 -> -1.17,0.13,8.69, -0.01,-0.06,-0.18
16:14:50.955 -> -0.85,0.67,8.87, 0.11,-0.23,-0.17
16:14:51.002 -> -1.01,-0.12,8.55, -0.17,-0.02,-0.12
16:14:51.049 -> -1.26,0.62,8.68, -0.05,-0.30,-0.12
16:14:51.096 -> -1.14,0.78,8.76, 0.32,-0.22,-0.21
16:14:51.143 -> -2.04,0.53,7.76, 0.20,-0.23,0.05
16:14:51.189 -> -1.96,0.43,8.70, -0.00,-0.12,0.15
16:14:51.236 -> -2.81,-0.60,8.23, -0.10,-0.14,0.16
16:14:51.283 -> -3.49,-1.27,8.92, -0.13,-0.28,0.01
16:14:51.377 -> -2.42,0.57,8.07, -0.02,-0.24,-0.10
16:14:51.424 -> -2.80,-0.13,8.40, 0.05,-0.17,-0.01
16:14:51.471 -> -2.46,0.62,8.36, 0.13,-0.08,-0.03
16:14:51.518 -> -2.59,0.29,8.33, 0.09,-0.12,0.10
16:14:51.564 -> -2.44,0.00,8.54, 0.03,-0.11,0.03
16:14:51.611 -> -2.27,0.62,8.20, -0.01,-0.12,-0.05
16:14:51.658 -> -1.95,0.57,8.55, -0.15,-0.04,0.01
16:14:51.705 -> -2.13,0.55,8.44, -0.06,-0.12,0.05
16:14:51.752 -> -1.92,0.50,8.47, -0.12,-0.09,0.06
16:14:51.799 -> -1.39,0.72,8.60, -0.19,-0.27,0.13
16:14:51.846 -> -1.64,0.09,8.21, -0.06,-0.19,0.01
16:14:51.892 -> -2.23,-0.67,8.63, 0.11,-0.14,-0.06
16:14:51.939 -> -2.04,0.11,9.68, 0.20,-0.24,-0.18
16:14:51.986 -> -1.82,0.08,8.47, 0.03,-0.20,-0.19
16:14:52.033 -> -1.24,0.76,8.65, -0.01,-0.15,-0.11
16:14:52.127 -> -1.60,0.04,8.61, -0.00,-0.18,-0.02
16:14:52.174 -> -1.48,0.25,8.66, 0.13,-0.36,0.08
16:14:52.220 -> -1.32,0.21,8.41, 0.19,-0.37,-0.06
16:14:52.267 -> -1.58,0.48,8.58, -0.05,-0.08,-0.33
16:14:52.314 -> -1.27,0.16,8.51, -0.13,-0.08,-0.19
16:14:52.361 -> -1.03,0.23,8.63, -0.10,-0.09,-0.16
16:14:52.408 -> -0.88,0.41,8.62, -0.11,-0.05,-0.25
16:14:52.455 -> -1.26,0.02,8.92, -0.14,-0.08,0.03
16:14:52.502 -> -1.82,0.29,8.09, -0.07,-0.43,-0.09
16:14:52.548 -> -1.24,0.13,8.69, -0.06,-0.28,-0.30
16:14:52.595 -> -1.38,-0.44,8.55, 0.04,-0.17,-0.23
16:14:52.642 -> -0.81,-0.06,8.71, -0.01,-0.16,-0.23
16:14:52.689 -> -1.32,-0.05,8.50, -0.05,-0.06,-0.07
16:14:52.736 -> -1.23,-0.09,8.66, -0.01,-0.06,-0.16
16:14:52.783 -> -1.17,-0.10,8.69, -0.02,-0.08,-0.04
16:14:52.877 -> -1.24,-0.11,8.64, -0.01,-0.32,0.02
16:14:52.923 -> -1.16,-0.16,8.56, 0.02,-0.28,-0.05
16:14:52.970 -> -1.20,-0.15,8.69, 0.05,-0.12,-0.24
16:14:53.017 -> -1.23,-0.11,8.67, 0.09,-0.09,-0.28
16:14:53.064 -> -1.25,-0.19,8.67, 0.14,-0.14,-0.31
16:14:53.111 -> -1.53,0.79,8.58, 0.14,-0.15,-0.31
16:14:53.158 -> -2.32,-0.04,8.84, -0.15,-0.14,0.18
16:14:53.205 -> -1.74,-0.11,8.77, -0.65,-0.34,-0.14
16:14:53.253 -> -2.09,-0.45,8.32, -0.05,-0.43,-0.03
16:14:53.300 -> -0.98,0.19,8.12, 0.04,-0.47,0.08
16:14:53.347 -> -1.58,-0.59,9.46, 0.07,-0.18,0.14
16:14:53.394 -> -1.32,-0.47,7.44, 0.18,-0.28,-0.04
16:14:53.442 -> -0.89,-0.23,9.56, 0.06,-0.18,-0.05
16:14:53.488 -> -1.21,-1.21,7.40, 0.26,-0.04,-0.25
16:14:53.535 -> -0.10,-0.26,10.69, 0.05,-0.27,-0.17
16:14:53.582 -> -0.61,0.23,7.82, -0.19,-0.51,-0.31
16:14:53.676 -> -0.18,0.37,9.35, 0.02,-0.33,-0.01
16:14:53.723 -> -1.53,0.00,8.16, 0.03,-0.50,-0.24
16:14:53.770 -> -0.53,-0.12,8.72, 0.14,-0.22,-0.19
16:14:53.816 -> -0.68,0.32,7.63, 0.68,-0.51,-0.39
16:14:53.863 -> -0.23,0.59,10.18, 0.60,-0.54,-0.27
16:14:53.910 -> -0.05,0.84,8.24, -0.84,-0.20,0.02
16:14:53.957 -> 0.16,-0.24,8.20, -0.21,-0.05,-0.02
16:14:54.004 -> 0.02,0.30,8.44, -0.04,0.02,0.06
16:14:54.051 -> 0.38,0.70,9.42, 0.58,0.28,0.42
16:14:54.098 -> -0.39,0.00,8.82, -0.01,0.09,0.08
16:14:54.144 -> -0.59,0.11,8.64, -0.28,-0.16,-0.37
16:14:54.191 -> -0.13,-0.07,8.02, -0.40,0.05,-0.30
16:14:54.238 -> -0.29,-0.06,8.92, -0.07,-0.02,0.02
16:14:54.285 -> -0.09,-0.24,9.47, 0.04,-0.03,0.35
16:14:54.332 -> -0.44,-0.15,9.25, -0.19,0.15,0.77
16:14:54.426 -> -1.81,-2.09,9.73, 0.00,0.13,-0.48
16:14:54.473 -> 0.10,0.64,7.71, 0.04,-0.01,-0.20
16:14:54.519 -> -0.78,-0.17,8.66, 0.06,0.42,0.07
16:14:54.566 -> -0.37,0.20,8.74, 0.10,0.09,-0.49
16:14:54.613 -> -0.20,0.88,9.81, 0.12,-0.14,-0.37
16:14:54.660 -> 0.55,0.57,8.21, 0.03,-0.34,-0.23
16:14:54.707 -> -0.97,-0.34,9.50, -0.08,-0.14,-0.17
16:14:54.754 -> 1.28,0.73,8.00, 0.21,-0.32,0.19
16:14:54.801 -> -0.82,-0.53,8.46, -0.10,-0.25,0.31
16:14:54.847 -> -0.55,-0.55,8.49, 0.16,-0.44,0.23
16:14:54.894 -> -0.68,-0.09,8.60, 0.10,-0.40,0.25
16:14:54.941 -> -1.09,-1.40,7.50, -0.07,0.02,-0.02
16:14:54.988 -> -0.53,1.12,10.01, 0.02,0.19,0.52
16:14:55.035 -> -0.65,-0.39,9.05, -0.08,0.00,-0.37
16:14:55.082 -> 0.98,1.24,9.85, 0.26,-0.19,0.15
16:14:55.175 -> -1.69,-0.66,8.76, -0.22,0.25,0.51
16:14:55.222 -> -1.08,-0.20,7.02, -0.01,-0.08,-0.31
16:14:55.269 -> -0.45,1.19,8.85, 0.05,0.19,-0.66
16:14:55.316 -> -0.32,1.04,9.48, 0.15,-0.56,-0.22
16:14:55.363 -> 0.81,1.05,6.98, 0.21,-0.05,-0.35
16:14:55.410 -> -0.65,0.95,9.51, 0.05,0.11,-0.09
16:14:55.457 -> -0.70,0.85,8.34, -0.37,0.14,-0.04
16:14:55.504 -> -0.20,0.57,8.88, 0.40,-0.24,0.00
16:14:55.550 -> 2.76,3.47,9.32, -0.21,-0.52,1.52
16:14:55.597 -> -1.42,-1.61,9.60, -0.42,-0.19,1.88
16:14:55.644 -> -0.20,-1.03,8.47, -0.32,-0.17,0.31
16:14:55.691 -> -0.92,-0.98,7.84, -0.81,0.13,0.03
16:14:55.738 -> 0.81,-0.54,8.85, -0.40,0.20,-0.48
16:14:55.785 -> -0.24,-0.68,5.68, 1.00,0.05,-0.80
16:14:55.832 -> 2.27,-1.36,8.50, 0.16,-1.06,0.32
16:14:55.925 -> 1.02,-0.68,8.99, 0.27,-0.17,0.64
16:14:55.972 -> 0.37,0.75,8.70, 0.61,-0.37,0.26
16:14:56.019 -> -0.87,-0.24,9.04, 0.39,-0.14,0.07
16:14:56.066 -> 0.22,1.90,8.41, 0.21,-0.42,-0.47
16:14:56.113 -> 1.76,1.75,8.67, -0.14,-0.00,0.02
16:14:56.159 -> -0.08,0.24,8.99, -0.09,-0.10,0.17
16:14:56.206 -> -0.33,0.69,8.85, -0.12,-0.06,0.20
16:14:56.253 -> -0.20,0.39,8.72, -0.04,-0.13,0.14
16:14:56.300 -> -0.27,0.66,8.61, -0.02,-0.14,0.04
16:14:56.347 -> -0.29,0.73,8.66, -0.03,-0.13,0.03
16:14:56.394 -> -0.18,0.68,8.40, -0.08,-0.07,0.02
16:14:56.441 -> -0.45,0.42,8.97, -0.09,-0.08,-0.03
16:14:56.488 -> -0.29,0.60,8.53, -0.00,-0.13,0.00
16:14:56.534 -> -0.38,0.52,8.77, -0.09,-0.06,-0.01
16:14:56.628 -> -0.40,0.45,8.77, -0.02,-0.13,-0.05
16:14:56.675 -> -0.34,0.33,8.84, -0.19,0.03,-0.06
16:14:56.708 -> -0.63,0.49,8.75, -0.01,-0.13,-0.07
16:14:56.755 -> -0.40,0.51,8.60, -0.10,-0.04,0.01
16:14:56.802 -> -0.63,0.10,8.86, -0.27,0.07,-0.04
16:14:56.849 -> 0.46,0.27,8.82, -0.02,-0.06,-0.09
16:14:56.896 -> 0.56,0.47,8.96, -0.16,0.04,0.11
16:14:56.944 -> 0.23,-0.14,8.96, -0.00,-0.05,0.03
16:14:56.990 -> -0.03,0.26,8.83, -0.29,0.08,0.22
16:14:57.037 -> -0.46,-0.36,9.11, 0.10,-0.20,0.16
16:14:57.084 -> -0.19,0.69,7.92, -0.22,-0.11,0.24
16:14:57.179 -> -1.01,-0.71,9.26, -0.25,-0.04,0.07
16:14:57.226 -> 0.52,1.03,7.49, -0.37,-0.19,-0.14
16:14:57.274 -> 0.24,-0.56,9.63, -0.13,0.12,0.34
16:14:57.321 -> 0.91,0.32,8.92, -0.22,-0.51,0.23
16:14:57.369 -> -0.49,-0.88,8.56, 0.01,-0.14,0.36
16:14:57.416 -> -0.41,0.18,8.16, 0.16,-0.06,0.13
16:14:57.462 -> -0.97,-0.25,8.62, 0.08,0.15,-0.04
16:14:57.509 -> 0.13,0.41,8.75, -0.07,-0.15,-0.06
16:14:57.556 -> 0.48,0.36,8.86, 0.02,-0.25,0.06
16:14:57.603 -> 0.28,-0.46,9.03, -0.10,-0.31,0.07
16:14:57.650 -> -0.08,-0.43,8.76, 0.05,-0.37,-0.06
16:14:57.697 -> -0.08,-0.63,9.01, 0.11,-0.12,-0.19
16:14:57.744 -> -0.19,0.01,8.45, -0.06,-0.40,-0.24
16:14:57.790 -> -0.13,-0.19,8.56, -0.15,0.25,-0.27
16:14:57.837 -> -0.68,-0.86,8.17, -0.24,0.04,-0.23
16:14:57.884 -> -2.03,-1.13,8.78, -0.26,0.11,-0.41
16:14:57.978 -> -0.80,0.57,8.54, 0.12,-0.13,0.06
16:14:58.025 -> -1.16,-0.34,8.13, -0.18,-0.00,0.34
16:14:58.072 -> -1.36,0.27,9.18, 0.42,-0.43,0.44
16:14:58.119 -> -1.01,-0.01,8.18, 0.54,-0.35,0.37
16:14:58.165 -> -0.83,1.02,8.74, -0.22,-0.10,0.26
16:14:58.212 -> -0.79,0.13,7.60, 0.24,-0.26,0.15
16:14:58.260 -> -0.93,0.40,9.27, 0.06,-0.03,0.15
16:14:58.307 -> -1.10,0.34,8.30, -0.12,-0.02,0.09
16:14:58.354 -> -1.09,1.08,8.89, 0.09,-0.15,0.13
16:14:58.401 -> -1.33,0.37,9.02, -0.10,0.02,0.21
16:14:58.449 -> -0.52,-1.81,7.28, 0.03,-0.05,-0.03
16:14:58.496 -> -1.87,-0.40,8.48, -0.23,-0.24,0.08
16:14:58.577 -> 0.55,0.43,9.27, 0.63,-0.63,-0.21
16:14:58.625 -> 0.48,0.99,7.91, -0.17,-0.27,0.38
16:14:58.672 -> -2.01,0.70,9.68, 0.22,-0.05,0.40
16:14:58.720 -> -0.48,2.07,7.22, -0.20,-0.32,0.47
16:14:58.766 -> -1.19,0.67,7.64, 0.08,0.28,0.45
16:14:58.813 -> -1.32,0.42,9.75, -0.03,0.03,0.31
16:14:58.860 -> -1.22,0.52,8.36, -0.10,0.13,0.38
16:14:58.907 -> -0.82,1.15,8.84, -0.02,0.07,0.49
16:14:58.954 -> -1.23,0.45,8.65, -0.04,0.06,0.40
16:14:59.001 -> -0.96,-0.08,9.50, 0.17,-0.15,0.12
16:14:59.048 -> -0.24,0.86,8.96, -0.26,-0.19,0.10
16:14:59.096 -> -0.84,-0.34,8.88, -0.11,-0.07,-0.03
16:14:59.143 -> -0.71,-0.04,8.96, -0.05,-0.25,-0.29
16:14:59.190 -> -1.08,0.39,8.26, -0.11,-0.15,-0.51
16:14:59.237 -> -0.92,0.46,8.88, 0.06,-0.28,-0.53
16:14:59.285 -> -4.31,-2.71,6.18, 0.29,-0.06,-2.23
16:14:59.332 -> -3.59,-1.82,10.52, 0.19,-0.55,-0.51
16:14:59.425 -> -2.22,0.01,10.44, -0.08,0.04,-0.22
16:14:59.473 -> -2.63,0.23,8.07, 0.19,-0.46,-0.01
16:14:59.520 -> -2.37,0.50,8.02, 0.05,-0.07,-0.29
16:14:59.567 -> -2.17,0.96,8.21, 0.08,-0.00,-0.31
16:14:59.614 -> -2.30,0.35,7.74, 0.15,-0.03,-0.20
16:14:59.661 -> -3.06,0.12,8.12, -0.55,0.10,-0.17
16:14:59.708 -> -2.53,0.54,8.19, 0.38,-0.00,-0.27
16:14:59.754 -> -2.19,0.68,8.13, 0.17,0.06,-0.22
16:14:59.802 -> -2.13,0.44,8.32, -0.26,0.13,-0.05
16:14:59.848 -> -2.00,0.48,8.57, -0.16,0.01,0.05
16:14:59.895 -> -2.34,0.19,9.03, 0.01,0.06,0.02
16:14:59.942 -> -2.08,-0.04,8.60, -0.13,-0.03,-0.07
16:14:59.989 -> -2.04,0.10,8.40, -0.07,-0.06,-0.11
16:15:00.036 -> -1.88,0.16,8.67, -0.00,-0.10,-0.06
16:15:00.083 -> -1.97,0.02,8.50, 0.08,-0.19,-0.04
16:15:00.176 -> -1.73,0.13,8.53, 0.07,-0.18,-0.05
16:15:00.223 -> -1.76,0.11,8.51, 0.22,-0.29,-0.02
16:15:00.270 -> -1.69,0.40,8.61, 0.12,-0.22,-0.06
16:15:00.317 -> -2.07,0.12,8.46, -0.02,-0.09,-0.05
16:15:00.364 -> -1.70,0.60,8.47, 0.03,-0.10,-0.14
16:15:00.411 -> -2.12,0.00,8.60, 0.13,-0.19,-0.13
16:15:00.458 -> -2.30,0.34,8.38, 0.12,-0.17,-0.16
16:15:00.504 -> -2.29,0.21,8.43, 0.15,-0.21,-0.12
16:15:00.551 -> -2.54,0.52,8.24, -0.02,-0.06,-0.11
16:15:00.598 -> -2.11,0.44,8.40, -0.12,-0.03,-0.08
16:15:00.645 -> -2.15,0.32,8.43, 0.00,-0.12,-0.09
16:15:00.692 -> -2.16,0.51,8.68, -0.04,-0.09,-0.10
16:15:00.739 -> -2.85,-0.07,8.40, -0.11,-0.18,-0.21
16:15:00.786 -> -2.39,0.60,8.15, 0.04,-0.22,-0.25
16:15:00.832 -> -2.92,0.17,8.77, -0.05,-0.22,-0.24
16:15:00.926 -> -2.43,0.05,8.02, 0.20,-0.23,-0.31
16:15:00.973 -> -2.56,-0.13,8.27, -0.12,0.01,-0.15
16:15:01.020 -> -2.78,-0.33,7.80, 0.03,-0.22,-0.47
16:15:01.067 -> -2.12,0.03,8.53, -0.10,-0.10,-0.41
16:15:01.114 -> -2.44,-0.17,8.46, -0.05,-0.21,-0.53
16:15:01.161 -> -2.05,0.10,8.53, -0.00,-0.20,-0.45
16:15:01.208 -> -2.21,-0.01,8.56, 0.12,-0.18,-0.30
16:15:01.254 -> -1.54,0.66,9.63, -0.12,-0.07,-0.11
16:15:01.301 -> -1.46,0.66,9.11, 0.09,-0.17,-0.16
16:15:01.348 -> -1.63,0.40,7.83, -0.09,-0.23,-0.01
16:15:01.395 -> -1.72,0.38,9.14, 0.02,-0.19,-0.03
16:15:01.442 -> -1.85,-0.77,8.62, 0.13,-0.20,0.03
16:15:01.489 -> -1.13,0.07,8.10, -0.01,-0.08,0.12
16:15:01.536 -> -2.05,-0.34,8.66, -0.02,-0.18,0.02
16:15:01.583 -> -0.14,0.44,8.96, 0.12,-0.23,-0.08
16:15:01.677 -> -0.53,0.36,8.66, 0.20,-0.18,-0.03
16:15:01.723 -> -0.63,0.34,8.52, 0.21,-0.14,0.11
16:15:01.770 -> -0.86,0.34,9.13, 0.40,-0.19,-0.01
16:15:01.817 -> -0.55,1.15,9.55, 0.06,0.01,0.16
16:15:01.864 -> -1.48,0.45,8.70, -0.18,-0.04,-0.10
16:15:01.911 -> -0.84,0.82,9.12, -0.01,-0.21,-0.32
16:15:01.958 -> -1.46,0.21,8.87, -0.31,-0.30,-0.06
16:15:02.005 -> -1.72,0.54,8.00, 0.12,-0.16,-0.11
16:15:02.051 -> -1.66,-0.45,8.07, 0.09,-0.19,0.02
16:15:02.098 -> -1.81,0.11,8.56, 0.04,0.07,-0.34
16:15:02.145 -> -1.16,-0.07,9.33, 0.08,-0.62,0.05
16:15:02.192 -> -1.38,-0.49,7.24, 0.08,-0.07,0.02
16:15:02.239 -> -0.68,0.54,9.78, 0.20,-0.46,0.00
16:15:02.286 -> -1.03,0.07,8.21, -0.10,-0.05,0.04
16:15:02.332 -> -0.78,0.72,9.04, -0.13,-0.11,0.14
16:15:02.426 -> -1.02,-0.12,7.40, -0.05,0.01,-0.10
16:15:02.473 -> -1.05,0.22,8.55, -0.16,0.04,0.05
16:15:02.520 -> -1.22,0.42,8.27, 0.13,-0.11,-0.48
16:15:02.568 -> -0.33,0.65,10.10, 0.04,-0.33,-0.61
16:15:02.615 -> -0.57,0.95,7.65, -0.10,-0.09,-0.49
16:15:02.661 -> -0.16,1.04,8.35, -0.02,-0.13,-0.23
16:15:02.708 -> -2.10,-0.06,8.06, -0.14,-0.03,-0.04
16:15:02.755 -> -0.51,1.11,9.06, 0.13,-0.22,-0.16
16:15:02.802 -> -1.53,0.45,8.34, -0.20,0.06,0.32
16:15:02.849 -> -0.50,-0.08,9.21, -0.47,-0.49,0.04
16:15:02.896 -> -1.21,-0.41,8.74, -0.04,-0.13,0.50
16:15:02.943 -> -0.76,0.74,8.85, -0.07,-0.10,0.53
16:15:02.989 -> -0.26,-0.12,7.94, 0.30,-0.08,0.62
16:15:03.036 -> 0.57,0.09,8.62, -0.28,-0.25,0.67
16:15:03.083 -> -0.35,0.14,8.35, -0.15,0.07,0.89
16:15:03.177 -> 0.86,0.36,9.41, -0.17,-0.26,0.56
16:15:03.224 -> 0.88,0.68,9.39, -0.08,-0.36,0.76
16:15:03.272 -> 1.03,1.02,8.83, -0.07,-0.32,0.64
16:15:03.319 -> -1.46,-0.47,8.33, -0.43,0.25,0.27
16:15:03.366 -> 1.00,0.71,8.69, -0.03,-0.33,0.07
16:15:03.413 -> 0.24,0.40,8.27, -0.18,0.11,0.50
16:15:03.460 -> 0.60,0.13,9.28, 0.10,-0.57,0.24
16:15:03.507 -> -1.11,-0.07,7.95, -0.32,0.06,0.40
16:15:03.554 -> -0.58,-0.22,9.08, -0.08,-0.11,-0.00
16:15:03.601 -> -0.40,-0.34,9.19, 0.16,-0.23,0.04
16:15:03.648 -> 0.02,-0.26,8.79, 0.18,-0.21,-0.03
16:15:03.695 -> -0.66,0.23,8.73, 0.32,-0.23,-0.11
16:15:03.741 -> -0.57,0.51,8.85, 0.21,-0.29,-0.01
16:15:03.788 -> -0.54,0.47,8.67, -0.03,-0.12,-0.02
16:15:03.835 -> -0.62,0.30,8.74, -0.08,-0.12,-0.08
16:15:03.882 -> -0.48,0.35,8.50, -0.12,-0.12,-0.07
16:15:03.976 -> -0.68,-0.23,8.88, -0.03,-0.03,-0.01
16:15:04.023 -> -0.68,0.43,8.83, 0.10,-0.18,0.00
16:15:04.070 -> -0.51,0.19,8.59, 0.07,-0.10,0.07
16:15:04.116 -> -0.70,0.32,8.92, 0.06,-0.12,-0.01
16:15:04.163 -> -0.53,0.57,8.74, -0.05,-0.11,0.12
16:15:04.210 -> -0.72,0.00,8.66, -0.07,-0.14,-0.07
16:15:04.257 -> -0.70,0.31,8.76, 0.02,-0.16,-0.11
16:15:04.304 -> -0.61,0.31,8.58, -0.03,-0.13,-0.06
16:15:04.351 -> -0.63,0.22,8.66, 0.07,-0.09,-0.05
16:15:04.398 -> -0.64,0.48,8.72, 0.04,-0.10,-0.02
16:15:04.444 -> -0.65,0.29,8.63, 0.08,-0.09,-0.01
16:15:04.491 -> -0.74,0.50,8.82, 0.06,-0.09,-0.05
16:15:04.538 -> -0.66,0.48,8.69, 0.01,-0.09,-0.12
16:15:04.585 -> -0.67,0.53,8.61, 0.03,-0.10,-0.10
16:15:04.632 -> -0.71,0.54,8.72, -0.01,-0.10,-0.02
16:15:04.726 -> -0.78,0.51,8.71, -0.02,-0.11,-0.01
16:15:04.773 -> -0.79,0.45,8.74, -0.02,-0.11,0.00
16:15:04.819 -> -0.79,0.43,8.69, -0.01,-0.13,0.01
16:15:04.866 -> -0.77,0.46,8.67, -0.01,-0.13,0.01
16:15:04.913 -> -0.73,0.40,8.58, 0.01,-0.14,0.02
16:15:04.960 -> -0.79,0.48,8.66, -0.00,-0.16,0.02
16:15:05.007 -> -0.80,0.46,8.72, -0.01,-0.16,0.00
16:15:05.054 -> -0.74,0.46,8.71, -0.02,-0.15,-0.00
16:15:05.101 -> -0.76,0.44,8.69, -0.02,-0.13,0.01
16:15:05.147 -> -0.67,0.51,8.74, -0.03,-0.16,0.01
16:15:05.194 -> -0.95,0.17,8.67, 0.04,-0.12,0.07
16:15:05.241 -> -0.78,0.43,8.83, 0.02,-0.15,0.01
16:15:05.288 -> -0.73,0.44,8.68, 0.02,-0.16,0.03
16:15:05.335 -> -0.65,0.54,8.70, -0.05,-0.18,-0.01
16:15:05.382 -> -0.59,0.43,8.62, -0.12,-0.12,-0.06
16:15:05.475 -> -0.78,0.40,8.77, -0.04,-0.10,-0.02
16:15:05.522 -> -0.39,0.80,8.62, 0.04,-0.12,0.09
16:15:05.569 -> -0.69,0.40,8.68, 0.05,-0.11,0.03
16:15:05.616 -> -0.67,0.62,8.89, -0.02,-0.16,-0.00
16:15:05.663 -> -0.89,0.36,8.81, 0.03,-0.14,0.05
16:15:05.710 -> -0.68,0.43,8.72, -0.04,-0.12,0.00
16:15:05.757 -> -0.56,0.48,8.56, -0.02,-0.09,-0.02
16:15:05.804 -> -0.79,0.46,8.79, 0.01,-0.11,0.00
16:15:05.850 -> -0.68,0.50,8.70, -0.00,-0.15,0.01
16:15:05.897 -> -0.91,0.49,8.81, -0.00,-0.13,-0.01
16:15:05.944 -> -0.58,0.63,8.72, 0.02,-0.16,-0.00
16:15:05.991 -> -0.76,0.49,8.67, -0.04,-0.13,-0.00
