16:07:18.184 -> 9.32,-0.33,-1.13, -0.01,-0.14,0.00
16:07:18.231 -> -9.32,-0.35,-1.12, -0.01,-0.12,0.00
16:07:18.278 -> -9.31,-0.32,-1.09, -0.02,-0.12,0.01
16:07:18.325 -> -9.32,-0.32,-1.12, -0.03,-0.11,-0.00
16:07:18.418 -> -9.30,-0.32,-1.12, -0.04,-0.11,-0.00
16:07:18.465 -> -9.32,-0.31,-1.10, -0.06,-0.12,0.01
16:07:18.512 -> -9.35,-0.32,-1.15, -0.03,-0.13,-0.01
16:07:18.559 -> -9.30,-0.35,-1.13, -0.02,-0.12,-0.01
16:07:18.606 -> -9.35,-0.32,-1.15, -0.02,-0.13,0.01
16:07:18.653 -> -9.32,-0.33,-1.08, -0.04,-0.13,-0.01
16:07:18.700 -> -9.32,-0.34,-1.14, -0.02,-0.15,0.02
16:07:18.746 -> -9.33,-0.35,-1.21, -0.12,-0.14,0.01
16:07:18.793 -> -9.34,-0.33,-1.14, -0.02,-0.13,-0.02
16:07:18.840 -> -9.32,-0.35,-1.10, -0.02,-0.13,-0.00
16:07:18.887 -> -9.33,-0.35,-1.13, -0.02,-0.14,-0.01
16:07:18.934 -> -9.31,-0.34,-1.13, -0.01,-0.14,0.00
16:07:18.981 -> -9.34,-0.34,-1.13, -0.01,-0.15,0.02
16:07:19.028 -> -9.32,-0.34,-1.12, -0.01,-0.14,0.00
16:07:19.074 -> -9.32,-0.34,-1.09, -0.00,-0.14,0.01
16:07:19.168 -> -9.32,-0.33,-1.12, 0.00,-0.14,0.02
16:07:19.215 -> -9.33,-0.30,-1.05, -0.04,-0.14,0.03
16:07:19.262 -> -9.32,-0.32,-1.20, -0.12,-0.14,-0.05
16:07:19.309 -> -9.30,-0.36,-1.07, -0.03,-0.13,-0.01
16:07:19.356 -> -9.33,-0.30,-1.01, -0.06,-0.16,0.02
16:07:19.403 -> -9.33,-0.31,-1.09, -0.09,-0.15,0.06
16:07:19.449 -> -9.31,-0.30,-1.08, 0.06,-0.15,0.03
16:07:19.496 -> -9.33,-0.27,-1.07, -0.11,-0.14,0.04
16:07:19.543 -> -9.32,-0.32,-1.09, -0.03,-0.13,0.01
16:07:19.590 -> -9.35,-0.13,-1.07, -0.02,-0.13,-0.01
16:07:19.637 -> -9.31,-0.28,-1.02, 0.06,-0.16,-0.02
16:07:19.684 -> -9.32,-0.30,-1.03, 0.09,-0.15,0.00
16:07:19.731 -> -9.31,-0.25,-0.99, 0.00,-0.13,-0.00
16:07:19.777 -> -9.32,-0.31,-1.05, -0.04,-0.13,-0.06
16:07:19.824 -> -9.31,-0.35,-1.09, -0.00,-0.12,-0.03
16:07:19.918 -> -9.31,-0.34,-1.05, 0.02,-0.12,0.00
16:07:19.965 -> -9.31,-0.36,-1.09, 0.07,-0.11,0.01
16:07:20.012 -> -9.34,-0.33,-1.05, -0.00,-0.09,0.01
16:07:20.059 -> -9.29,-0.34,-1.05, 0.04,-0.13,0.00
16:07:20.106 -> -9.31,-0.34,-1.10, 0.06,-0.08,0.02
16:07:20.152 -> -9.32,-0.32,-1.12, -0.02,-0.05,0.02
16:07:20.199 -> -9.35,-0.28,-1.18, -0.01,0.05,0.00
16:07:20.246 -> -9.25,-0.31,-1.18, -0.09,0.10,0.03
16:07:20.293 -> -9.30,-0.34,-1.50, -0.00,0.17,0.06
16:07:20.340 -> -9.37,-0.40,-0.62, -0.08,-0.24,-0.09
16:07:20.387 -> -9.32,-0.07,-0.61, 0.05,-0.09,0.02
16:07:20.434 -> -9.32,-0.54,-1.89, 0.02,-0.22,0.05
16:07:20.480 -> -9.38,-0.12,-1.08, 0.03,-0.21,-0.03
16:07:20.527 -> -9.37,-0.44,-0.65, 0.12,-0.20,-0.04
16:07:20.574 -> -9.26,-0.82,-1.75, 0.03,-0.04,0.03
16:07:20.668 -> -9.46,0.21,-0.53, 0.14,-0.30,0.08
16:07:20.715 -> -9.63,-1.18,-1.39, -0.00,0.07,-0.09
16:07:20.762 -> -9.27,-0.23,-1.22, -0.15,-0.15,-0.00
16:07:20.809 -> -9.46,0.15,-0.80, -0.02,-0.04,0.06
16:07:20.855 -> -9.22,-0.30,-1.36, -0.04,-0.08,-0.08
16:07:20.902 -> -9.43,-0.72,-1.59, -0.01,-0.12,0.05
16:07:20.949 -> -9.28,0.22,-0.51, 0.00,-0.11,-0.04
16:07:20.996 -> -9.08,-0.39,-1.73, -0.14,-0.14,0.03
16:07:21.043 -> -9.31,-0.30,-1.60, -0.04,-0.22,-0.01
16:07:21.090 -> -8.97,0.04,-1.15, -0.05,-0.12,0.02
16:07:21.137 -> -9.72,-0.94,-1.00, -0.18,-0.17,0.01
16:07:21.183 -> -9.17,-0.03,-1.02, -0.13,-0.14,0.04
16:07:21.230 -> -9.55,-0.34,-0.73, -0.17,-0.10,0.08
16:07:21.277 -> -9.26,-0.22,-0.95, -0.12,-0.17,0.03
16:07:21.324 -> -9.39,-0.12,-0.93, -0.20,-0.09,-0.00
16:07:21.418 -> -9.34,-0.15,-1.27, -0.07,-0.23,-0.02
16:07:21.465 -> -9.14,0.26,-0.64, -0.07,-0.04,0.05
16:07:21.511 -> -9.14,-0.08,-1.40, -0.17,-0.13,-0.04
16:07:21.558 -> -9.03,0.13,-0.99, -0.03,-0.05,0.06
16:07:21.605 -> -9.50,-0.53,-1.63, -0.07,-0.17,-0.10
16:07:21.652 -> -9.04,-0.16,-0.63, 0.06,-0.15,-0.00
16:07:21.699 -> -9.80,-0.69,-1.41, -0.20,-0.20,-0.07
16:07:21.746 -> -9.06,0.38,-0.66, -0.10,-0.09,-0.12
16:07:21.793 -> -9.45,-0.75,-1.44, -0.24,-0.31,0.03
16:07:21.840 -> -9.08,-0.06,-0.87, -0.22,-0.08,-0.05
16:07:21.886 -> -9.50,-0.23,-1.80, -0.28,-0.23,0.14
16:07:21.933 -> -9.35,-0.60,-1.25, -0.32,-0.17,0.03
16:07:21.980 -> -9.17,-0.26,-1.89, -0.33,-0.16,0.08
16:07:22.027 -> -8.89,-0.29,-2.01, 0.03,-0.25,0.04
16:07:22.074 -> -9.66,-0.53,-1.02, -0.27,-0.24,0.04
16:07:22.168 -> -9.35,0.16,-0.88, -0.18,-0.09,-0.08
16:07:22.214 -> -9.30,-0.02,-0.96, -0.13,-0.17,0.07
16:07:22.261 -> -9.11,-0.07,-1.57, -0.15,-0.07,-0.09
16:07:22.308 -> -9.48,-0.34,-0.81, -0.12,-0.09,0.04
16:07:22.355 -> -8.94,0.37,-1.08, 0.04,-0.00,-0.02
16:07:22.402 -> -9.45,-0.18,-0.76, 0.12,-0.14,0.15
16:07:22.449 -> -9.34,-0.42,-1.22, 0.27,-0.06,0.04
16:07:22.496 -> -10.18,-0.77,0.92, 0.15,-0.21,0.08
16:07:22.542 -> -9.80,0.08,-0.26, 0.45,-0.08,0.00
16:07:22.591 -> -9.60,-0.53,-0.39, 0.19,-0.28,0.22
16:07:22.638 -> -9.32,-0.28,-1.31, 0.09,-0.21,-0.13
16:07:22.685 -> -8.77,0.46,-0.59, -0.09,-0.25,0.04
16:07:22.731 -> -9.55,-0.83,-1.68, -0.07,-0.22,-0.02
16:07:22.779 -> -8.96,0.61,-0.37, -0.04,-0.17,0.07
16:07:22.826 -> -9.44,-0.39,-1.26, -0.10,-0.21,-0.05
16:07:22.873 -> -8.99,0.56,-0.62, -0.14,-0.22,0.10
16:07:22.967 -> -9.57,-0.48,-0.60, -0.16,-0.10,0.00
16:07:23.014 -> -8.90,0.06,-1.06, -0.12,-0.12,-0.11
16:07:23.061 -> -9.71,-0.50,-0.93, 0.01,-0.06,0.14
16:07:23.107 -> -9.37,-0.19,0.16, -0.00,-0.05,-0.18
16:07:23.154 -> -9.11,-0.48,-1.41, 0.08,-0.10,0.10
16:07:23.201 -> -9.55,-0.54,-0.73, 0.29,0.03,-0.03
16:07:23.248 -> -8.74,-0.02,-1.45, 0.32,-0.05,-0.06
16:07:23.295 -> -9.58,-0.01,-0.31, 0.55,0.10,-0.02
16:07:23.343 -> -7.98,0.66,-1.71, 0.57,0.05,0.11
16:07:23.390 -> -9.77,-1.24,-0.52, 0.36,-0.05,0.23
16:07:23.437 -> -8.75,0.15,-1.34, 0.29,0.01,0.01
16:07:23.484 -> -10.50,-0.52,-0.31, 0.21,-0.11,0.16
16:07:23.531 -> -9.48,-0.21,-0.92, 0.08,-0.30,-0.27
16:07:23.578 -> -9.42,-0.34,-0.18, -0.15,-0.18,0.02
16:07:23.625 -> -9.60,-0.50,-1.20, 0.06,-0.33,-0.23
16:07:23.720 -> -8.89,-0.63,-1.38, -0.26,-0.21,0.04
16:07:23.767 -> -9.44,-0.20,-1.00, -0.24,-0.12,-0.10
16:07:23.814 -> -9.64,-0.42,-0.76, -0.53,-0.24,0.01
16:07:23.861 -> -8.91,-0.59,-3.43, -0.55,-0.46,-0.05
16:07:23.909 -> -9.96,-0.26,0.26, -0.46,-0.24,0.16
16:07:23.956 -> -8.86,0.22,-2.38, -0.19,0.13,-0.09
16:07:24.002 -> -8.47,-0.46,-2.19, -0.26,-0.44,0.02
16:07:24.049 -> -9.73,-0.22,-0.63, -0.20,0.02,0.15
16:07:24.096 -> -9.33,-0.11,-1.14, -0.19,-0.26,-0.14
16:07:24.143 -> -8.90,-0.22,-1.94, -0.36,0.00,-0.14
16:07:24.190 -> -8.78,1.60,-1.05, 0.14,-0.11,0.12
16:07:24.237 -> -9.19,-1.71,-2.27, 0.26,-0.11,0.54
16:07:24.284 -> -10.24,-0.51,1.20, -0.34,0.02,0.21
16:07:24.330 -> -9.72,0.74,-1.46, -1.56,-0.75,-0.43
16:07:24.377 -> -9.64,1.32,0.76, -0.29,-0.16,0.01
16:07:24.424 -> -9.82,-0.70,-1.16, -0.24,-0.38,-0.06
16:07:24.518 -> -9.16,0.05,-0.30, 0.01,-0.32,0.17
16:07:24.565 -> -8.81,-0.19,-1.97, 0.26,0.18,-0.43
16:07:24.612 -> -9.14,-0.14,-0.66, -0.21,-0.24,0.00
16:07:24.659 -> -9.11,-0.06,-0.81, -0.20,-0.21,-0.09
16:07:24.705 -> -7.88,0.73,-1.57, 0.15,0.12,0.01
16:07:24.752 -> -9.13,0.00,-0.55, 0.03,-0.11,0.12
16:07:24.799 -> -8.58,0.37,-0.54, 0.39,-0.10,0.10
16:07:24.846 -> -9.59,-0.60,-1.40, 0.30,-0.09,0.07
16:07:24.893 -> -9.49,0.28,-0.82, 0.35,-0.20,0.11
16:07:24.940 -> -10.22,0.28,-1.04, 0.16,-0.24,-0.05
16:07:24.987 -> -8.91,0.58,0.08, 0.16,-0.08,0.05
16:07:25.033 -> -10.19,-1.13,-1.23, 0.09,-0.05,0.11
16:07:25.081 -> -9.16,1.13,-1.83, 0.35,-0.09,0.08
16:07:25.128 -> -9.64,-0.34,-0.89, 0.12,-0.07,-0.04
16:07:25.175 -> -8.16,1.21,-1.43, -0.02,-0.02,-0.16
16:07:25.270 -> -9.76,-0.57,-0.49, 0.02,0.10,-0.05
16:07:25.317 -> -8.50,0.17,-1.92, 0.21,0.05,-0.03
16:07:25.364 -> -9.78,0.59,-0.71, 0.44,0.18,0.21
16:07:25.410 -> -8.73,0.73,-1.80, 0.50,0.43,0.04
16:07:25.457 -> -11.25,-4.64,-1.14, 0.35,0.63,-0.09
16:07:25.504 -> -9.22,0.37,-2.69, 0.31,0.18,-0.21
16:07:25.551 -> -9.30,0.23,-2.61, 0.25,-0.11,-0.07
16:07:25.598 -> -9.25,0.74,-2.32, 0.27,-0.53,-0.23
16:07:25.645 -> -9.38,0.47,-1.47, -0.16,-0.30,-0.24
16:07:25.692 -> -9.39,-0.40,-1.62, 0.00,-0.28,-0.24
16:07:25.738 -> -9.03,1.28,-1.31, 0.16,-0.23,-0.08
16:07:25.785 -> -9.32,-0.55,-1.30, 0.34,-0.16,0.01
16:07:25.832 -> -9.33,-0.48,-1.30, 0.23,-0.13,0.02
16:07:25.879 -> -9.32,-0.51,-1.43, -0.02,-0.25,-0.00
16:07:25.926 -> -9.28,-0.39,-1.39, -0.10,-0.15,0.01
16:07:26.020 -> -9.28,-0.46,-1.39, -0.06,-0.12,0.04
16:07:26.067 -> -9.31,-0.27,-1.27, 0.03,-0.23,0.13
16:07:26.113 -> -9.29,-0.44,-1.71, 0.20,0.30,-0.10
16:07:26.160 -> -9.22,-0.44,-1.77, 0.07,-0.01,0.07
16:07:26.207 -> -9.33,-0.31,-1.53, -0.09,-0.21,0.10
16:07:26.254 -> -9.27,-0.17,-1.53, -0.07,-0.06,-0.03
16:07:26.301 -> -9.30,-0.25,-1.57, -0.07,0.15,-0.09
16:07:26.348 -> -9.31,-0.12,-1.81, -0.18,0.05,0.01
16:07:26.395 -> -9.31,-0.33,-1.93, -0.02,-0.12,0.05
16:07:26.441 -> -9.30,-0.09,-1.90, 0.16,-0.15,0.02
16:07:26.488 -> -9.33,-0.42,-1.71, 0.24,-0.21,0.03
16:07:26.535 -> -9.31,-0.28,-1.66, 0.05,-0.22,0.01
16:07:26.582 -> -9.31,-0.29,-1.68, -0.14,-0.24,-0.01
16:07:26.629 -> -9.34,-0.23,-1.62, -0.26,-0.19,-0.04
16:07:26.676 -> -9.28,-0.35,-1.71, -0.18,-0.18,-0.02
16:07:26.769 -> -9.30,-0.61,-1.93, -0.02,-0.13,0.03
16:07:26.816 -> -9.38,0.01,-1.23, 0.04,-0.08,0.01
16:07:26.863 -> -9.25,-0.30,-2.01, 0.08,0.11,-0.02
16:07:26.910 -> -9.30,-0.21,-1.81, -0.05,0.32,0.01
16:07:26.957 -> -9.24,-0.16,-2.53, -0.07,0.35,-0.00
16:07:27.004 -> -9.27,-0.43,-2.61, -0.02,0.00,0.00
16:07:27.051 -> -9.30,-0.24,-2.25, 0.14,-0.64,0.01
16:07:27.098 -> -9.20,-0.82,-2.58, 0.02,-0.68,-0.00
16:07:27.144 -> -9.20,-0.45,-1.82, 0.00,-0.11,0.04
16:07:27.191 -> -9.35,0.07,-1.59, 0.04,-0.24,-0.01
16:07:27.238 -> -9.29,-0.27,-1.64, -0.02,-0.23,0.02
16:07:27.285 -> -9.33,-0.33,-1.70, -0.12,-0.19,0.01
16:07:27.332 -> -9.34,-0.23,-1.58, -0.08,-0.15,-0.00
16:07:27.379 -> -9.35,-0.37,-1.70, -0.07,-0.06,0.02
16:07:27.425 -> -9.30,-0.10,-1.62, -0.04,-0.05,0.03
16:07:27.519 -> -9.39,-0.01,-1.68, 0.01,-0.12,0.02
16:07:27.566 -> -9.33,-0.29,-1.70, -0.04,-0.22,-0.00
16:07:27.615 -> -9.30,-0.57,-1.85, -0.02,-0.10,-0.03
16:07:27.661 -> -9.30,-0.19,-1.62, -0.00,-0.22,-0.01
16:07:27.708 -> -9.32,-0.23,-1.58, 0.00,-0.22,-0.01
16:07:27.755 -> -9.29,-0.23,-1.57, 0.01,-0.16,0.02
16:07:27.803 -> -9.31,-0.24,-1.54, 0.00,-0.16,-0.03
16:07:27.850 -> -9.31,-0.25,-1.53, -0.00,-0.14,-0.04
16:07:27.896 -> -9.32,-0.27,-1.54, -0.10,-0.08,0.02
16:07:27.943 -> -9.28,-0.29,-1.56, 0.00,-0.08,-0.01
16:07:27.990 -> -9.31,-0.25,-1.60, -0.04,-0.02,0.02
16:07:28.037 -> -9.31,-0.24,-1.69, -0.01,0.01,-0.01
16:07:28.084 -> -9.30,-0.28,-1.73, -0.01,-0.02,0.00
16:07:28.131 -> -9.30,-0.27,-1.81, -0.03,-0.03,0.01
16:07:28.177 -> -9.31,-0.28,-1.87, -0.00,-0.06,-0.00
16:07:28.224 -> -9.28,-0.26,-1.88, -0.02,-0.03,0.01
16:07:28.318 -> -9.29,-0.29,-1.96, -0.04,-0.04,-0.00
16:07:28.365 -> -9.28,-0.26,-1.96, -0.01,-0.11,0.00
16:07:28.412 -> -9.31,-0.29,-2.01, 0.00,-0.12,-0.01
16:07:28.459 -> -9.29,-0.25,-1.93, 0.07,-0.16,0.02
16:07:28.506 -> -9.30,-0.27,-1.97, 0.02,-0.11,0.00
16:07:28.553 -> -9.29,-0.28,-1.99, -0.01,-0.14,0.01
16:07:28.599 -> -9.30,-0.25,-1.95, -0.04,-0.16,0.00
16:07:28.646 -> -9.30,-0.26,-1.93, -0.00,-0.20,0.01
16:07:28.693 -> -9.31,-0.25,-1.89, -0.10,-0.16,0.03
16:07:28.740 -> -9.29,-0.24,-1.90, -0.09,-0.17,-0.01
16:07:28.787 -> -9.30,-0.27,-1.87, -0.11,-0.17,-0.01
16:07:28.834 -> -9.30,-0.28,-1.86, -0.10,-0.15,0.00
16:07:28.881 -> -9.28,-0.25,-1.84, -0.01,-0.18,-0.00
16:07:28.927 -> -9.29,-0.27,-1.82, -0.01,-0.15,-0.00
16:07:28.974 -> -9.30,-0.27,-1.81, -0.02,-0.17,0.00
16:07:29.068 -> -9.28,-0.25,-1.80, -0.05,-0.18,0.01
16:07:29.115 -> -9.30,-0.26,-1.72, -0.06,-0.13,-0.01
16:07:29.162 -> -9.28,-0.27,-1.80, -0.10,-0.08,0.03
16:07:29.209 -> -9.13,-0.53,-3.03, -0.06,0.18,-0.04
16:07:29.255 -> -9.27,-0.25,-1.83, 0.01,-0.01,0.04
16:07:29.302 -> -9.30,-0.30,-2.18, 0.01,-0.01,0.01
16:07:29.349 -> -9.29,-0.24,-2.06, 0.06,-0.08,-0.03
16:07:29.396 -> -9.26,-0.26,-2.08, -0.04,-0.03,0.05
16:07:29.443 -> -9.28,-0.21,-2.15, -0.04,-0.02,0.01
16:07:29.490 -> -9.28,-0.24,-2.18, 0.01,-0.05,-0.02
16:07:29.537 -> -9.36,-0.27,-2.26, -0.01,-0.07,0.02
16:07:29.584 -> -9.29,-0.26,-2.27, 0.02,-0.13,-0.02
16:07:29.630 -> -9.26,-0.30,-2.28, 0.02,-0.08,-0.04
16:07:29.677 -> -9.19,-0.28,-2.33, -0.04,-0.03,0.00
16:07:29.724 -> -9.21,-0.25,-2.35, -0.02,-0.01,0.00
16:07:29.818 -> -9.24,-0.26,-2.44, -0.04,0.05,0.01
16:07:29.865 -> -9.24,-0.25,-2.52, -0.03,0.03,0.00
16:07:29.911 -> -9.27,-0.24,-2.60, -0.04,0.00,0.03
16:07:29.958 -> -9.24,-0.22,-2.68, -0.02,-0.09,0.06
16:07:30.005 -> -9.23,-0.24,-2.63, -0.01,-0.25,0.01
16:07:30.052 -> -9.24,-0.25,-2.54, 0.05,-0.41,0.02
16:07:30.099 -> -9.25,-0.24,-2.38, 0.04,-0.51,0.02
16:07:30.146 -> -9.20,-0.25,-2.20, -0.06,-0.45,0.02
16:07:30.193 -> -9.22,-0.39,-2.17, -0.09,-0.34,0.00
16:07:30.240 -> -9.32,-0.07,-1.77, -0.19,-0.14,-0.00
16:07:30.287 -> -9.31,-0.18,-1.95, -0.13,-0.16,-0.00
16:07:30.333 -> -9.32,-0.20,-1.92, -0.13,-0.14,-0.01
16:07:30.380 -> -9.25,-0.22,-1.92, -0.11,-0.12,-0.01
16:07:30.427 -> -9.28,-0.12,-1.87, -0.12,-0.08,-0.01
16:07:30.474 -> -9.29,-0.21,-1.97, -0.13,-0.02,-0.02
16:07:30.568 -> -9.30,-0.21,-2.04, -0.07,-0.01,-0.01
16:07:30.615 -> -9.28,-0.24,-2.14, -0.07,0.00,-0.01
16:07:30.661 -> -9.28,-0.23,-2.20, -0.06,-0.06,-0.00
16:07:30.708 -> -9.28,-0.23,-2.22, -0.07,-0.16,-0.00
16:07:30.755 -> -9.27,-0.22,-2.29, -0.04,-0.24,-0.00
16:07:30.802 -> -9.23,-0.21,-2.56, -0.01,-0.15,0.00
16:07:30.849 -> -9.21,-0.22,-2.57, 0.01,-0.04,0.00
16:07:30.896 -> -9.32,-0.23,-1.87, 0.02,-0.27,-0.02
16:07:30.943 -> -9.28,-0.23,-1.96, -0.01,-0.27,-0.02
16:07:30.989 -> -9.28,-0.25,-1.94, -0.07,-0.19,0.02
16:07:31.036 -> -9.03,-0.47,-3.52, -0.05,0.11,0.03
16:07:31.083 -> -9.30,-0.21,-1.99, -0.03,-0.19,-0.01
16:07:31.130 -> -9.40,0.02,-1.35, 0.01,0.15,0.00
16:07:31.177 -> -9.08,-0.55,-3.21, -0.06,-0.18,-0.01
16:07:31.224 -> -9.28,-0.22,-2.14, -0.04,-0.22,-0.01
16:07:31.318 -> -9.25,-0.24,-2.18, -0.03,-0.19,0.00
16:07:31.364 -> -9.31,-0.26,-2.06, -0.00,-0.21,-0.00
16:07:31.411 -> -9.32,-0.24,-2.06, 0.04,-0.22,-0.01
16:07:31.458 -> -9.29,-0.26,-2.00, 0.02,-0.19,0.01
16:07:31.505 -> -9.30,-0.28,-1.97, 0.05,-0.15,-0.01
16:07:31.552 -> -9.37,-0.26,-1.92, 0.02,-0.06,0.02
16:07:31.599 -> -9.30,-0.26,-2.04, -0.00,-0.06,-0.00
16:07:31.646 -> -9.27,-0.29,-2.03, 0.01,-0.08,0.00
16:07:31.692 -> -9.29,-0.28,-2.08, -0.01,-0.07,0.00
16:07:31.739 -> -9.28,-0.27,-2.09, 0.07,-0.09,0.00
16:07:31.786 -> -9.28,-0.25,-2.07, 0.07,-0.10,0.01
16:07:31.833 -> -9.26,-0.23,-2.22, 0.12,-0.09,-0.00
16:07:31.880 -> -9.21,-0.14,-2.26, 0.10,0.01,0.03
16:07:31.927 -> -9.27,-0.29,-2.21, 0.07,0.01,0.01
16:07:31.973 -> -9.25,-0.11,-2.38, 0.06,0.01,0.01
16:07:32.067 -> -9.25,-0.34,-2.28, 0.12,0.01,0.01
16:07:32.114 -> -9.26,-0.42,-2.31, 0.05,0.00,0.01
16:07:32.161 -> -9.25,-0.26,-2.50, 0.06,-0.02,0.01
16:07:32.208 -> -9.24,-0.30,-2.53, 0.05,-0.04,0.01
16:07:32.255 -> -9.23,-0.34,-2.50, 0.08,-0.04,0.02
16:07:32.302 -> -9.22,-0.33,-2.58, -0.01,-0.04,0.01
16:07:32.349 -> -9.22,-0.27,-2.67, -0.01,-0.06,0.01
16:07:32.395 -> -9.19,-0.25,-2.68, 0.02,-0.09,0.01
16:07:32.442 -> -9.23,-0.26,-2.69, 0.02,-0.11,0.01
16:07:32.489 -> -9.22,-0.26,-2.74, -0.00,-0.18,0.00
16:07:32.536 -> -9.20,-0.27,-2.68, 0.03,-0.24,0.01
16:07:32.583 -> -9.21,-0.25,-2.59, 0.02,-0.25,0.01
16:07:32.631 -> -9.20,-0.24,-2.66, 0.02,-0.27,0.01
16:07:32.678 -> -9.29,-0.22,-2.21, 0.04,-0.13,0.01
16:07:32.724 -> -9.33,-0.28,-2.37, 0.02,-0.18,0.01
16:07:32.819 -> -9.26,-0.31,-2.22, -0.02,-0.28,0.00
16:07:32.866 -> -9.18,-0.22,-2.57, 0.03,-0.29,0.01
16:07:32.913 -> -9.17,-0.27,-2.64, 0.07,0.00,0.03
16:07:32.960 -> -9.26,-0.29,-2.43, 0.02,-0.30,0.01
16:07:33.007 -> -9.27,-0.26,-2.20, 0.00,-0.28,0.01
16:07:33.054 -> -9.26,-0.25,-2.20, -0.01,-0.22,0.00
16:07:33.100 -> -9.27,-0.29,-2.22, 0.03,-0.18,0.00
