16:11:47.191 -> 0.51,-10.00,-0.94, -0.02,-0.13,0.00
16:11:47.238 -> 0.53,-10.00,-0.98, 0.01,-0.13,0.01
16:11:47.285 -> 0.53,-10.00,-0.93, -0.01,-0.13,0.00
16:11:47.380 -> 0.51,-9.97,-0.93, 0.02,-0.13,0.01
16:11:47.427 -> 0.50,-10.00,-0.93, 0.01,-0.13,0.00
16:11:47.474 -> 0.53,-9.98,-0.91, -0.02,-0.13,0.00
16:11:47.522 -> 0.52,-9.99,-0.91, 0.03,-0.13,0.01
16:11:47.569 -> 0.50,-9.98,-0.83, -0.00,-0.13,0.00
16:11:47.615 -> 0.54,-10.00,-0.90, 0.01,-0.13,0.01
16:11:47.662 -> 0.52,-9.98,-0.84, 0.00,-0.13,0.00
16:11:47.709 -> 0.51,-10.01,-0.88, -0.01,-0.13,0.00
16:11:47.756 -> 0.51,-10.00,-0.88, -0.01,-0.13,0.00
16:11:47.804 -> 0.50,-10.00,-0.89, -0.02,-0.13,0.00
16:11:47.851 -> 0.52,-9.99,-0.90, -0.03,-0.14,0.00
16:11:47.898 -> 0.50,-10.00,-0.84, 0.03,-0.12,0.01
16:11:47.945 -> 0.43,-10.03,-1.09, 0.03,0.07,-0.00
16:11:47.992 -> 0.50,-10.00,-0.70, 0.04,-0.03,0.00
16:11:48.039 -> 0.52,-9.96,-0.43, -0.02,-0.11,0.00
16:11:48.086 -> 0.49,-9.97,-0.55, -0.14,-0.14,-0.01
16:11:48.180 -> 0.54,-10.02,-1.07, -0.15,-0.14,-0.01
16:11:48.227 -> 0.52,-9.98,-0.93, -0.09,-0.13,-0.00
16:11:48.274 -> 0.50,-9.97,-0.86, -0.12,-0.14,-0.01
16:11:48.321 -> 0.09,-9.95,1.05, -0.37,-0.59,-0.02
16:11:48.368 -> 0.22,-9.94,0.61, 0.06,-0.41,0.01
16:11:48.414 -> 0.50,-9.96,-1.81, 0.09,-0.02,0.01
16:11:48.461 -> 0.55,-10.07,-0.78, 0.17,-0.01,0.02
16:11:48.508 -> 0.40,-9.95,-0.77, 0.22,0.01,0.02
16:11:48.555 -> 0.45,-9.91,-0.38, 0.10,0.14,0.00
16:11:48.602 -> 0.33,-9.99,-1.47, 0.06,0.08,-0.00
16:11:48.649 -> 0.44,-9.96,-0.14, 0.07,0.21,0.00
16:11:48.696 -> 0.38,-10.12,-1.03, 0.08,-0.08,0.01
16:11:48.742 -> 0.49,-9.93,-0.38, -0.05,-0.08,-0.01
16:11:48.789 -> 0.41,-9.95,-0.12, -0.04,-0.16,0.00
16:11:48.836 -> 0.56,-10.02,-0.26, -0.05,-0.17,0.00
16:11:48.930 -> 0.46,-10.04,1.31, -0.01,-0.12,-0.01
16:11:48.977 -> 0.48,-10.01,0.25, -0.01,-0.31,0.01
16:11:49.024 -> 0.75,-10.05,-0.24, 0.00,-0.17,0.01
16:11:49.070 -> 0.76,-9.88,-0.36, -0.03,-0.20,-0.00
16:11:49.117 -> 0.70,-10.08,-0.63, -0.00,-0.14,-0.01
16:11:49.164 -> 0.71,-10.11,-0.62, 0.03,-0.21,0.03
16:11:49.211 -> 0.57,-9.90,-0.58, -0.07,-0.19,-0.00
16:11:49.258 -> 0.55,-10.07,-1.22, -0.02,-0.26,0.02
16:11:49.305 -> 0.34,-10.20,-0.50, 0.11,0.13,-0.02
16:11:49.352 -> 0.34,-10.17,-0.91, 0.04,-0.05,0.01
16:11:49.405 -> 0.46,-10.15,-0.83, 0.24,0.21,-0.08
16:11:49.438 -> 0.80,-9.96,-0.48, 0.03,-0.07,-0.13
16:11:49.485 -> 0.78,-9.92,-0.39, 0.13,-0.03,-0.21
16:11:49.579 -> 0.61,-9.15,-0.34, 0.11,-0.03,-0.19
16:11:49.626 -> 0.88,-10.45,-0.12, 0.00,-0.10,0.10
16:11:49.674 -> 0.49,-9.53,0.04, 0.13,-0.11,0.02
16:11:49.721 -> 0.54,-9.92,-0.07, 0.07,-0.23,0.11
16:11:49.767 -> 0.56,-9.84,-0.78, 0.11,-0.25,0.13
16:11:49.814 -> 0.50,-10.10,0.27, 0.13,-0.23,0.19
16:11:49.861 -> 0.55,-10.14,-0.50, 0.06,-0.31,0.14
16:11:49.908 -> 0.57,-10.18,-0.23, 0.10,-0.23,0.08
16:11:49.955 -> 0.36,-10.18,-0.79, -0.00,-0.33,0.04
16:11:50.002 -> 0.36,-10.04,0.17, 0.06,-0.26,0.03
16:11:50.048 -> 0.26,-9.90,-0.02, -0.10,-0.28,-0.03
16:11:50.095 -> 0.42,-10.01,-0.25, -0.08,-0.25,0.01
16:11:50.142 -> 0.58,-9.66,0.13, 0.08,0.01,-0.03
16:11:50.189 -> 0.73,-10.11,-0.36, -0.11,-0.21,-0.04
16:11:50.236 -> 0.49,-10.17,-1.09, -0.07,-0.04,-0.00
16:11:50.330 -> 0.24,-10.00,0.81, -0.08,0.08,-0.01
16:11:50.377 -> 0.12,-10.54,-0.52, -0.08,-0.09,-0.05
16:11:50.424 -> 0.47,-10.33,-1.17, 0.11,0.42,-0.04
16:11:50.470 -> 0.57,-10.02,0.15, -0.14,-0.28,-0.01
16:11:50.517 -> 0.71,-9.98,-1.68, -0.04,0.04,-0.00
16:11:50.565 -> 0.51,-9.89,1.25, 0.03,-0.21,0.12
16:11:50.612 -> 0.72,-10.02,-1.58, -0.22,-0.34,0.03
16:11:50.659 -> 0.43,-9.99,-0.50, -0.12,-0.13,0.00
16:11:50.706 -> 0.38,-10.07,-0.13, -0.14,-0.29,-0.02
16:11:50.754 -> 0.68,-9.92,-0.94, -0.09,-0.15,-0.06
16:11:50.802 -> 1.14,-10.00,-2.05, -0.06,0.04,-0.05
16:11:50.849 -> 0.28,-9.88,0.09, -0.22,-0.29,-0.05
16:11:50.896 -> 0.11,-10.21,0.36, -0.18,-0.18,-0.03
16:11:50.943 -> 0.65,-9.77,-0.27, -0.11,-0.15,0.04
16:11:50.991 -> 0.25,-10.20,-2.15, -0.21,-0.08,-0.02
16:11:51.037 -> 0.59,-9.79,-1.18, 0.02,0.10,-0.00
16:11:51.084 -> 0.17,-10.23,-0.35, 0.18,0.26,0.03
16:11:51.178 -> 0.46,-10.07,-0.50, 0.05,0.11,-0.12
16:11:51.225 -> 0.44,-9.46,-0.80, 0.12,0.22,-0.24
16:11:51.272 -> 0.25,-8.86,0.56, -0.04,0.11,0.04
16:11:51.319 -> 0.66,-10.65,-0.72, -0.07,-0.09,-0.09
16:11:51.366 -> 0.28,-9.44,-0.32, -0.11,-0.11,0.46
16:11:51.412 -> 1.17,-9.81,-0.36, 0.00,-0.25,0.00
16:11:51.459 -> 0.91,-9.89,0.04, 0.04,0.09,0.04
16:11:51.506 -> 0.91,-10.08,-1.17, 0.21,-0.02,0.12
16:11:51.553 -> 0.41,-9.69,0.80, 0.21,-0.10,-0.00
16:11:51.598 -> 0.51,-9.73,1.47, -0.01,-0.43,0.00
16:11:51.644 -> 0.77,-10.10,-2.21, 0.47,-0.11,0.02
16:11:51.691 -> -0.08,-10.09,-0.60, -0.03,-0.86,0.06
16:11:51.738 -> 0.19,-9.80,-0.65, 0.30,-0.42,0.10
16:11:51.785 -> 0.35,-9.06,0.79, 0.20,-0.28,0.03
16:11:51.879 -> 0.02,-9.42,0.65, 0.12,-0.61,0.11
16:11:51.926 -> 0.64,-11.82,1.49, -0.00,-1.01,0.03
16:11:51.972 -> 0.11,-10.10,-0.68, 0.02,-0.87,0.13
16:11:52.019 -> 0.02,-9.72,1.12, 0.07,-0.80,0.13
16:11:52.066 -> 0.00,-9.91,0.30, 0.11,-0.83,0.14
16:11:52.113 -> 0.33,-9.61,1.24, 0.19,-0.46,0.09
16:11:52.160 -> 0.32,-9.87,0.02, 0.08,-0.66,0.11
16:11:52.207 -> 0.31,-9.89,-0.51, 0.11,-0.44,0.05
16:11:52.254 -> 0.61,-10.49,-1.42, 0.14,-0.47,0.03
16:11:52.300 -> 0.35,-10.00,0.66, -0.03,-0.28,0.06
16:11:52.347 -> -0.22,-8.94,0.15, 0.04,-0.17,0.09
16:11:52.394 -> 0.45,-9.78,0.63, -0.16,-0.15,-0.01
16:11:52.441 -> 0.82,-10.10,-0.70, -0.08,-0.04,-0.08
16:11:52.488 -> 0.71,-10.14,0.43, -0.03,0.16,-0.05
16:11:52.535 -> 0.32,-9.75,0.44, 0.01,0.06,-0.01
16:11:52.629 -> -0.08,-8.82,2.01, 0.12,0.04,-0.00
16:11:52.675 -> 0.19,-9.73,0.73, -0.06,-0.36,-0.01
16:11:52.722 -> 0.40,-9.97,0.29, 0.11,-0.22,-0.01
16:11:52.769 -> 0.84,-10.51,-0.95, 0.01,-0.31,0.01
16:11:52.816 -> 0.40,-10.05,-0.08, 0.05,-0.24,0.04
16:11:52.863 -> 0.53,-10.12,-0.27, 0.05,-0.31,0.11
16:11:52.910 -> 0.34,-9.90,-0.20, -0.06,-0.27,-0.09
16:11:52.957 -> 0.61,-10.21,-0.33, 0.24,-0.15,0.11
16:11:53.003 -> 0.15,-9.85,0.72, 0.09,-0.22,-0.01
16:11:53.050 -> 0.68,-10.26,-1.40, 0.28,-0.01,-0.06
16:11:53.097 -> 0.43,-9.62,2.00, -0.01,-0.11,0.01
16:11:53.144 -> 0.07,-9.91,0.71, -0.19,-0.47,0.09
16:11:53.191 -> 0.19,-10.07,0.14, -0.09,-0.36,0.08
16:11:53.238 -> 0.20,-10.07,-0.33, -0.14,-0.32,-0.00
16:11:53.284 -> 0.34,-9.98,-0.30, -0.14,-0.19,0.01
16:11:53.378 -> 0.31,-9.71,1.23, 0.02,0.08,-0.02
16:11:53.425 -> 0.36,-10.10,-0.55, -0.19,-0.07,-0.03
16:11:53.472 -> -0.21,-9.25,3.55, -0.11,0.16,-0.08
16:11:53.519 -> 0.03,-9.86,-0.97, -0.51,-0.82,-0.04
16:11:53.566 -> 1.65,-9.73,-1.12, -0.18,0.18,-0.18
16:11:53.613 -> 0.76,-12.11,-1.24, 0.01,-0.14,-0.19
16:11:53.660 -> 1.45,-10.85,1.44, -0.18,0.59,-0.35
16:11:53.706 -> 0.80,-9.26,1.48, 0.34,0.45,0.15
16:11:53.753 -> -0.24,-9.50,1.37, -0.44,-0.33,0.17
16:11:53.800 -> 0.22,-7.43,1.50, 0.69,0.51,0.15
16:11:53.847 -> -0.03,-9.31,2.43, -0.28,0.60,-0.19
16:11:53.894 -> -0.57,-9.69,1.61, 0.64,1.41,-0.29
16:11:53.941 -> 1.13,-9.09,-0.33, 0.23,0.67,0.06
16:11:53.988 -> 0.22,-9.73,2.20, 0.45,0.63,-0.14
16:11:54.034 -> 0.85,-10.18,-0.27, 0.44,0.84,-0.23
16:11:54.128 -> 0.20,-9.84,-0.04, 0.72,1.63,-0.33
16:11:54.175 -> 0.75,-9.11,2.91, -0.17,-0.49,0.08
16:11:54.222 -> 0.81,-9.17,-0.15, -0.29,-0.76,0.09
16:11:54.269 -> 0.23,-9.63,2.08, -0.16,-0.53,0.09
16:11:54.316 -> 0.52,-10.10,-0.63, -0.21,-0.75,0.15
16:11:54.363 -> -0.29,-9.31,1.93, 0.28,-0.54,0.11
16:11:54.409 -> 0.51,-9.90,0.16, 0.45,-0.79,0.24
16:11:54.456 -> 0.67,-9.84,1.37, -0.09,-1.32,0.35
16:11:54.503 -> -0.12,-9.47,2.05, -0.36,-0.91,0.19
16:11:54.550 -> 1.02,-9.51,0.38, -0.07,-0.91,0.23
16:11:54.597 -> -1.22,-8.50,6.37, -0.54,1.31,-0.41
16:11:54.644 -> 0.32,-9.85,0.09, -0.22,0.42,-0.13
16:11:54.691 -> 0.04,-9.51,1.77, 0.08,0.35,-0.09
16:11:54.737 -> 0.68,-9.88,0.21, 0.07,0.05,-0.01
16:11:54.784 -> 0.93,-9.80,1.34, -0.49,0.57,-0.19
16:11:54.878 -> 0.29,-9.94,0.10, -0.62,1.16,-0.30
16:11:54.925 -> 0.45,-10.03,-0.57, -0.28,0.58,-0.14
16:11:54.972 -> 0.60,-9.71,1.37, 0.67,-0.34,0.10
16:11:55.019 -> 0.72,-9.82,0.63, 0.28,1.41,-0.27
16:11:55.066 -> 0.71,-9.58,1.63, 0.32,0.53,-0.10
16:11:55.112 -> 0.08,-9.73,0.84, -0.72,0.47,-0.19
16:11:55.159 -> -0.01,-9.68,1.52, -1.14,-0.45,-0.04
16:11:55.206 -> 0.53,-10.09,-1.06, -0.37,-0.51,0.05
16:11:55.253 -> 0.65,-9.96,-0.51, -0.41,-0.42,0.02
16:11:55.300 -> 0.31,-9.95,-0.34, -0.23,0.16,-0.07
16:11:55.347 -> 0.46,-9.93,-0.64, -0.34,0.87,-0.13
16:11:55.394 -> 0.52,-10.01,-0.99, -0.31,-0.10,-0.03
16:11:55.440 -> 0.82,-10.00,-0.76, -0.39,-0.61,-0.02
16:11:55.487 -> 0.48,-10.02,-1.23, -0.14,-0.52,0.00
16:11:55.534 -> 0.68,-10.03,-1.27, 0.11,-0.50,0.03
16:11:55.628 -> 0.54,-10.00,-1.23, 0.27,-0.22,0.04
16:11:55.675 -> 0.14,-9.96,-0.53, 0.20,-0.12,0.02
16:11:55.722 -> 0.96,-9.96,-0.68, -0.19,-0.10,-0.02
16:11:55.769 -> 0.51,-9.98,-1.10, -0.61,-0.12,-0.06
16:11:55.817 -> 0.89,-10.05,-1.27, -0.02,-0.09,0.00
16:11:55.863 -> 0.52,-9.96,-0.83, -0.24,-0.11,-0.02
16:11:55.910 -> 0.91,-10.06,-1.79, 0.22,-0.10,0.03
16:11:55.957 -> 0.50,-9.96,-0.74, -0.03,-0.12,0.00
16:11:56.005 -> 0.65,-10.01,-1.16, -0.20,0.02,-0.02
16:11:56.052 -> 0.54,-9.97,-0.97, -0.30,-0.12,-0.03
16:11:56.099 -> 0.61,-10.04,-1.84, -0.20,-0.13,-0.02
16:11:56.145 -> 0.57,-9.98,-1.28, 0.18,-0.14,0.02
16:11:56.192 -> 0.58,-10.02,-1.42, 0.15,-0.13,0.02
16:11:56.239 -> 0.55,-9.98,-1.04, 0.17,-0.14,0.02
16:11:56.286 -> 0.57,-10.01,-1.19, -0.12,-0.13,-0.01
16:11:56.380 -> 0.59,-10.01,-1.28, -0.03,-0.14,0.00
16:11:56.427 -> 0.59,-10.01,-1.32, -0.15,-0.13,-0.01
16:11:56.473 -> 0.59,-10.01,-1.42, -0.06,-0.12,-0.00
16:11:56.520 -> 0.56,-9.97,-1.21, -0.03,-0.12,0.00
16:11:56.567 -> 0.57,-10.02,-1.42, -0.14,-0.13,-0.01
16:11:56.614 -> 0.59,-10.02,-1.45, -0.03,-0.14,0.00
16:11:56.661 -> 0.58,-10.00,-1.43, -0.11,-0.13,-0.01
16:11:56.708 -> 0.59,-10.00,-1.58, 0.03,-0.13,0.01
16:11:56.755 -> 0.60,-9.98,-1.37, 0.05,-0.13,0.01
16:11:56.802 -> 0.58,-10.00,-1.37, -0.02,-0.13,0.00
16:11:56.848 -> 0.57,-9.98,-1.36, -0.01,-0.13,0.00
16:11:56.895 -> 0.58,-10.00,-1.40, -0.05,-0.13,-0.00
16:11:56.942 -> 0.60,-10.02,-1.47, -0.02,-0.13,0.00
16:11:56.989 -> 0.59,-9.99,-1.43, 0.01,-0.13,0.01
16:11:57.036 -> 0.60,-9.99,-1.45, -0.02,-0.13,0.00
16:11:57.130 -> 0.57,-9.99,-1.38, -0.01,-0.13,0.00
16:11:57.176 -> 0.58,-9.99,-1.38, -0.05,-0.13,-0.00
16:11:57.223 -> 0.59,-10.01,-1.43, -0.06,-0.13,-0.00
16:11:57.270 -> 0.59,-10.01,-1.36, -0.05,-0.14,-0.00
16:11:57.317 -> 0.62,-10.00,-1.66, -0.08,-0.14,-0.00
16:11:57.364 -> 0.61,-10.01,-1.54, -0.04,-0.13,0.00
16:11:57.411 -> 0.63,-9.99,-1.69, -0.04,-0.18,0.00
16:11:57.458 -> 0.58,-10.00,-1.62, -0.02,-0.24,-0.00
16:11:57.505 -> 0.55,-9.97,-1.32, 0.05,-0.18,0.01
16:11:57.551 -> 0.61,-10.03,-1.48, 0.06,-0.13,0.01
16:11:57.598 -> 0.65,-10.03,-1.60, 0.12,-0.13,0.02
16:11:57.645 -> 0.50,-9.98,-0.83, -0.09,-0.38,-0.01
16:11:57.692 -> 0.70,-10.05,-2.02, 0.00,-0.27,0.00
16:11:57.739 -> 0.54,-9.99,-1.37, 0.19,-0.12,0.03
16:11:57.786 -> 0.61,-10.01,-1.27, 0.09,-0.11,0.01
16:11:57.879 -> 0.56,-10.00,-1.16, 0.12,-0.12,0.02
16:11:57.926 -> 0.51,-9.99,-1.09, 0.01,-0.13,0.01
16:11:57.973 -> 0.55,-10.01,-1.17, -0.13,-0.16,-0.01
16:11:58.020 -> 0.53,-9.98,-1.05, -0.08,-0.21,-0.00
16:11:58.067 -> 0.51,-9.98,-1.25, 0.06,-0.11,0.01
16:11:58.114 -> 0.61,-10.03,-1.49, 0.07,-0.08,0.01
16:11:58.161 -> 0.58,-9.99,-1.03, -0.01,-0.13,0.00
