16:10:36.941 -> 0.90,-9.76,-1.59, -0.04,-0.07,-0.01
16:10:36.988 -> 0.93,-10.19,-1.44, -0.01,-0.12,-0.00
16:10:37.035 -> 0.90,-9.91,-1.49, -0.01,-0.15,-0.01
16:10:37.082 -> 0.93,-9.82,-1.46, -0.01,-0.12,0.05
16:10:37.175 -> 0.90,-9.75,-1.53, 0.01,-0.13,-0.05
16:10:37.222 -> 0.99,-10.11,-1.68, 0.01,-0.13,0.06
16:10:37.269 -> 0.91,-9.82,-1.43, 0.01,-0.09,-0.00
16:10:37.316 -> 0.85,-10.18,-1.22, 0.05,-0.15,0.04
16:10:37.363 -> 0.87,-10.11,-1.22, 0.03,-0.23,0.07
16:10:37.410 -> 1.30,-10.14,-2.38, -0.12,-0.28,0.01
16:10:37.457 -> 1.09,-10.66,-1.44, -0.08,-0.14,-0.04
16:10:37.504 -> 0.87,-9.19,-1.48, 0.01,-0.20,-0.11
16:10:37.550 -> 0.60,-9.78,-1.80, 0.00,-0.14,-0.02
16:10:37.597 -> 0.85,-9.43,-1.96, -0.04,-0.10,-0.02
16:10:37.644 -> 1.36,-11.33,-1.10, 0.02,-0.26,0.03
16:10:37.691 -> 2.11,-11.01,-3.32, -0.05,-0.24,-0.16
16:10:37.738 -> 1.68,-9.83,-2.43, 0.10,-0.03,-0.37
16:10:37.785 -> 1.48,-9.48,-2.19, 0.07,-0.18,-0.27
16:10:37.831 -> 0.88,-8.88,-2.32, -0.09,-0.37,-0.25
16:10:37.925 -> 1.02,-9.44,-3.34, -0.11,-0.24,-0.14
16:10:37.973 -> 1.22,-10.86,-2.46, 0.03,-0.10,0.04
16:10:38.020 -> 0.97,-9.40,-1.72, 0.17,0.00,-0.01
16:10:38.067 -> 1.15,-10.05,-1.61, 0.06,0.03,0.04
16:10:38.114 -> 1.45,-9.59,-1.34, 0.14,-0.18,0.09
16:10:38.161 -> 1.37,-10.07,-1.05, 0.05,-0.15,0.05
16:10:38.208 -> 1.53,-10.01,-1.83, -0.03,-0.10,0.11
16:10:38.255 -> 1.76,-9.75,-1.40, 0.06,0.01,-0.02
16:10:38.301 -> 1.56,-10.17,-1.26, -0.08,-0.09,-0.02
16:10:38.348 -> 1.44,-10.01,-1.23, 0.01,-0.08,-0.01
16:10:38.395 -> 1.73,-9.99,-0.99, 0.05,-0.05,-0.02
16:10:38.442 -> 1.83,-10.26,-0.79, 0.10,-0.08,-0.09
16:10:38.489 -> 1.81,-9.35,-1.04, 0.03,-0.18,0.03
16:10:38.536 -> 1.84,-10.24,-1.14, 0.22,-0.05,0.05
16:10:38.582 -> 1.39,-9.61,-0.16, 0.35,-0.21,0.12
16:10:38.629 -> 1.69,-10.04,-0.68, 0.14,-0.11,0.08
16:10:38.723 -> 1.56,-9.82,-0.84, -0.01,-0.13,-0.08
16:10:38.770 -> 1.65,-10.51,-1.78, -0.17,-0.23,-0.00
16:10:38.817 -> 1.33,-9.52,-1.10, -0.18,0.14,0.12
16:10:38.864 -> 1.28,-9.76,-0.30, -0.16,0.10,0.05
16:10:38.911 -> 1.42,-9.73,-0.85, -0.21,0.04,0.08
16:10:38.958 -> 1.22,-9.64,-0.70, -0.09,-0.00,0.07
16:10:39.004 -> 1.24,-10.23,-0.79, -0.16,-0.08,0.09
16:10:39.051 -> 1.19,-9.84,-0.89, -0.18,0.04,0.10
16:10:39.098 -> 1.12,-10.04,-0.92, -0.17,-0.09,0.02
16:10:39.145 -> 1.31,-10.17,-0.69, -0.17,-0.11,0.07
16:10:39.192 -> 1.29,-10.41,-0.71, -0.19,-0.33,0.04
16:10:39.239 -> 1.49,-9.77,-1.87, -0.11,-0.18,0.11
16:10:39.286 -> 1.42,-10.50,-1.18, -0.12,-0.11,0.09
16:10:39.332 -> 1.21,-9.59,-1.01, 0.05,-0.01,0.10
16:10:39.379 -> 0.38,-9.46,-1.37, -0.16,-0.22,0.11
16:10:39.473 -> 1.17,-11.59,-2.62, -0.01,0.01,0.24
16:10:39.520 -> 0.71,-10.38,-1.38, -0.01,0.11,0.02
16:10:39.567 -> 0.80,-9.89,-1.79, -0.12,-0.12,-0.20
16:10:39.614 -> 0.63,-9.07,-1.75, -0.12,-0.06,-0.14
16:10:39.661 -> 0.57,-9.44,-1.39, -0.01,-0.26,0.01
16:10:39.707 -> 0.90,-10.25,-2.01, -0.14,-0.19,0.08
16:10:39.754 -> 0.62,-10.72,-1.59, -0.10,-0.19,-0.13
16:10:39.801 -> 0.72,-10.25,-1.38, -0.01,-0.11,-0.13
16:10:39.848 -> 0.57,-9.41,-1.80, -0.19,-0.26,-0.05
16:10:39.895 -> 0.86,-9.17,-2.16, -0.14,-0.27,0.16
16:10:39.942 -> 0.91,-9.94,-1.76, -0.05,-0.30,0.11
16:10:39.989 -> 1.42,-10.18,-1.83, -0.03,-0.31,0.12
16:10:40.069 -> 1.35,-10.94,-1.38, 0.05,-0.51,-0.20
16:10:40.116 -> 1.59,-10.13,-3.20, 0.02,-0.44,-0.11
16:10:40.163 -> 1.03,-9.50,-2.04, 0.15,-0.22,-0.30
16:10:40.210 -> 1.40,-10.06,-3.47, 0.16,-0.37,-0.11
16:10:40.257 -> 0.84,-9.03,-2.64, 0.13,0.17,-0.05
16:10:40.304 -> 0.92,-10.39,-1.54, 0.04,-0.12,-0.02
16:10:40.351 -> 1.07,-9.87,-1.77, -0.04,-0.04,-0.05
16:10:40.398 -> 0.91,-9.87,-1.70, -0.08,-0.18,-0.02
16:10:40.445 -> 1.34,-9.85,-2.27, -0.10,-0.08,0.10
16:10:40.492 -> 1.45,-9.70,-1.67, -0.03,-0.01,-0.00
16:10:40.539 -> 1.58,-9.68,-2.17, -0.07,-0.01,-0.04
16:10:40.585 -> 1.33,-10.02,-1.42, -0.13,-0.09,0.00
16:10:40.632 -> 1.25,-9.73,-2.24, -0.21,-0.06,0.05
16:10:40.679 -> 1.55,-10.96,-1.83, -0.05,-0.03,0.00
16:10:40.773 -> 1.43,-10.01,-1.96, -0.11,-0.01,-0.10
16:10:40.821 -> 1.19,-10.64,-2.03, -0.02,0.06,-0.09
16:10:40.868 -> 1.43,-9.86,-2.03, -0.13,0.18,-0.13
16:10:40.915 -> 1.22,-10.75,-1.35, -0.12,0.16,-0.10
16:10:40.962 -> 1.70,-9.62,-2.38, -0.03,0.15,-0.18
16:10:41.008 -> 1.50,-10.23,-1.56, 0.03,-0.17,-0.09
16:10:41.055 -> 1.75,-9.62,-1.87, -0.06,-0.07,0.02
16:10:41.102 -> 1.64,-10.28,-2.02, -0.30,-0.12,0.00
16:10:41.149 -> 1.88,-9.54,-2.65, 0.02,0.01,-0.10
16:10:41.196 -> 1.60,-9.84,-1.91, -0.15,0.20,0.07
16:10:41.243 -> 1.48,-9.84,-1.27, -0.00,0.22,-0.09
16:10:41.290 -> 1.65,-10.05,-2.15, 0.09,0.04,-0.13
16:10:41.336 -> 1.25,-9.77,-0.85, 0.08,-0.08,0.20
16:10:41.385 -> 1.69,-9.27,-2.58, 0.17,-0.29,0.03
16:10:41.431 -> 1.19,-10.11,0.34, -0.02,-0.09,0.13
16:10:41.525 -> 2.09,-11.00,-2.12, 0.12,-0.43,0.04
16:10:41.572 -> 1.62,-9.76,-2.51, 0.04,0.03,-0.10
16:10:41.620 -> 1.61,-10.38,-0.22, 0.44,-0.12,-0.15
16:10:41.667 -> 1.61,-10.01,-1.82, 0.36,-0.30,-0.05
16:10:41.714 -> 1.64,-11.16,-0.27, 0.06,-0.09,0.08
16:10:41.761 -> 1.66,-9.85,-0.98, 0.66,0.00,0.09
16:10:41.808 -> 1.97,-8.17,-3.09, -0.39,0.05,-0.23
16:10:41.855 -> 2.02,-7.36,-4.19, -0.18,0.13,-0.04
16:10:41.901 -> 2.38,-9.11,-2.26, -0.22,-0.08,0.21
16:10:41.948 -> 2.04,-9.61,1.74, 0.54,-0.02,0.23
16:10:41.995 -> 1.71,-8.82,1.32, -0.19,0.32,0.46
16:10:42.042 -> 1.36,-9.95,3.37, -0.27,0.29,0.51
16:10:42.089 -> 1.70,-9.04,1.74, 0.02,0.11,0.44
16:10:42.136 -> 1.03,-9.81,-0.03, 0.13,-0.46,0.27
16:10:42.183 -> 0.92,-9.81,-1.51, -0.41,-0.15,0.12
16:10:42.229 -> 1.03,-10.10,0.13, 0.29,-0.35,0.04
16:10:42.323 -> 1.16,-8.91,-0.46, 0.36,-0.18,0.08
16:10:42.370 -> 0.69,-12.45,1.85, -0.06,-0.43,0.10
16:10:42.417 -> 1.16,-11.02,0.02, -0.47,-0.05,0.13
16:10:42.464 -> 1.02,-10.47,-1.14, -0.27,-0.05,-0.08
16:10:42.511 -> 0.79,-9.52,-0.46, -0.29,-0.18,0.12
16:10:42.558 -> 1.24,-11.09,-2.43, -0.34,-0.19,0.05
16:10:42.604 -> 0.87,-9.78,-1.40, 0.06,-0.01,-0.15
16:10:42.651 -> 0.89,-9.50,-1.01, -0.08,-0.16,0.02
16:10:42.698 -> 1.10,-9.75,-1.53, -0.03,-0.09,0.05
16:10:42.745 -> 1.21,-10.21,-1.40, -0.14,-0.23,0.08
16:10:42.792 -> 1.11,-10.33,-1.70, -0.07,-0.14,0.00
16:10:42.839 -> 0.85,-10.09,-1.47, -0.21,-0.10,-0.04
16:10:42.886 -> 0.91,-9.51,-2.00, -0.06,-0.06,-0.04
16:10:42.932 -> 0.97,-9.73,-1.69, 0.02,-0.15,0.03
16:10:42.979 -> 1.09,-10.19,-1.43, 0.01,-0.14,0.12
16:10:43.073 -> 1.20,-10.29,-1.70, -0.09,-0.11,0.01
16:10:43.120 -> 0.89,-9.92,-1.53, -0.05,-0.11,-0.03
16:10:43.167 -> 1.16,-10.04,-1.81, 0.03,-0.08,-0.03
16:10:43.214 -> 0.98,-9.79,-1.72, -0.12,-0.10,0.07
16:10:43.261 -> 1.04,-10.10,-1.81, -0.01,-0.08,-0.08
16:10:43.307 -> 1.05,-9.64,-1.67, 0.04,-0.15,-0.02
16:10:43.354 -> 1.40,-10.14,-2.14, 0.05,-0.08,-0.04
16:10:43.401 -> 1.17,-10.11,-1.29, -0.09,-0.06,-0.04
16:10:43.448 -> 1.30,-9.94,-1.63, -0.05,-0.21,0.06
16:10:43.495 -> 1.41,-10.41,-1.66, -0.04,-0.15,-0.01
16:10:43.542 -> 1.44,-10.67,-1.71, -0.29,-0.11,-0.07
16:10:43.589 -> 1.09,-9.96,-1.90, -0.25,-0.06,-0.08
16:10:43.635 -> 0.92,-9.51,-1.62, -0.10,-0.10,-0.08
16:10:43.682 -> 0.85,-9.95,-2.20, -0.09,-0.20,-0.01
16:10:43.729 -> 1.04,-10.37,-2.20, 0.01,-0.07,0.07
16:10:43.823 -> 1.12,-9.68,-2.06, -0.16,-0.02,-0.00
16:10:43.870 -> 1.03,-9.47,-1.95, -0.17,-0.06,-0.16
16:10:43.917 -> 1.18,-10.30,-1.97, -0.04,-0.03,-0.24
16:10:43.964 -> 0.95,-9.90,-2.00, -0.01,-0.25,-0.10
16:10:44.010 -> 0.98,-9.89,-2.49, -0.02,-0.13,0.06
16:10:44.057 -> 1.36,-9.59,-2.69, -0.13,-0.10,0.14
16:10:44.104 -> 1.57,-10.31,-2.34, -0.18,-0.00,0.02
16:10:44.151 -> 1.65,-9.95,-2.10, -0.04,-0.00,0.01
16:10:44.198 -> 1.13,-9.44,-2.82, 0.00,-0.19,0.10
16:10:44.245 -> 1.30,-9.54,-2.48, -0.02,-0.18,0.03
16:10:44.292 -> 1.42,-9.73,-2.87, -0.06,-0.05,0.10
16:10:44.338 -> 1.23,-10.17,-2.04, -0.05,-0.03,-0.00
16:10:44.385 -> 1.14,-10.07,-2.09, 0.00,0.05,-0.09
16:10:44.432 -> 1.02,-9.56,-1.53, -0.09,-0.11,-0.05
16:10:44.479 -> 1.33,-9.89,-2.45, -0.06,-0.27,0.04
16:10:44.573 -> 1.49,-9.91,-2.99, 0.00,-0.10,0.09
16:10:44.620 -> 1.56,-10.14,-2.90, -0.07,-0.07,-0.01
16:10:44.666 -> 1.38,-10.36,-2.59, -0.05,0.03,-0.03
16:10:44.713 -> 1.18,-9.65,-2.55, 0.07,-0.01,-0.02
16:10:44.760 -> 1.19,-9.66,-1.76, 0.08,-0.11,0.11
16:10:44.807 -> 1.44,-9.94,-2.78, 0.10,-0.05,0.08
16:10:44.854 -> 1.32,-10.56,-2.25, 0.01,-0.09,-0.05
16:10:44.901 -> 1.26,-9.70,-2.38, -0.01,-0.13,-0.02
16:10:44.948 -> 1.60,-10.63,-2.54, 0.04,-0.09,-0.07
16:10:44.995 -> 1.15,-9.54,-1.45, 0.03,0.06,-0.09
16:10:45.041 -> 1.11,-9.93,-1.79, -0.17,-0.20,-0.04
16:10:45.088 -> 0.98,-10.04,-1.82, -0.32,-0.17,0.03
16:10:45.135 -> 1.07,-9.44,-2.90, 0.21,-0.33,0.03
16:10:45.182 -> 1.03,-9.68,-2.75, -0.05,-0.10,0.06
16:10:45.229 -> 1.02,-9.64,-1.90, -0.04,-0.06,0.05
16:10:45.323 -> 1.29,-10.25,-2.37, 0.04,-0.10,0.01
16:10:45.369 -> 1.12,-9.37,-1.96, 0.17,-0.17,0.10
16:10:45.416 -> 1.34,-10.49,-1.91, 0.29,-0.23,0.09
16:10:45.463 -> 1.36,-10.11,-1.38, 0.33,-0.21,0.09
16:10:45.510 -> 1.27,-10.43,-1.35, -0.10,-0.08,0.10
16:10:45.557 -> 1.28,-9.95,-2.63, -0.00,-0.23,-0.01
16:10:45.604 -> 0.96,-10.25,-1.62, -0.08,-0.10,-0.04
16:10:45.652 -> 1.29,-10.38,-2.31, -0.12,-0.09,0.06
16:10:45.699 -> 1.23,-9.95,-2.42, -0.16,-0.06,-0.10
16:10:45.746 -> 1.08,-9.44,-1.89, 0.04,-0.12,0.00
16:10:45.793 -> 1.25,-9.70,-2.17, 0.02,-0.11,-0.01
16:10:45.840 -> 1.15,-10.36,-0.91, 0.11,-0.26,0.07
16:10:45.887 -> 1.26,-9.87,-3.25, -0.28,-0.13,-0.00
16:10:45.934 -> 1.09,-9.97,-2.82, -0.23,0.05,-0.05
16:10:45.981 -> 1.11,-9.78,-2.29, -0.07,0.10,-0.11
16:10:46.075 -> 0.90,-9.62,-1.48, 0.10,-0.15,0.00
16:10:46.122 -> 1.10,-10.52,-2.29, -0.12,-0.10,0.04
16:10:46.168 -> 0.97,-9.49,-2.77, -0.27,0.05,-0.07
