16:09:35.697 -> 0.59,-10.00,-1.55, -0.02,-0.13,0.00
16:09:35.791 -> 0.49,-9.99,-1.51, -0.01,-0.14,0.00
16:09:35.838 -> 0.55,-9.99,-1.55, -0.02,-0.14,0.00
16:09:35.885 -> 0.59,-9.99,-1.54, -0.02,-0.14,0.00
16:09:35.933 -> 0.58,-10.00,-1.66, -0.01,-0.12,0.00
16:09:35.980 -> 0.57,-9.98,-1.54, 0.04,-0.11,0.01
16:09:36.026 -> 0.49,-9.98,-1.47, -0.03,-0.12,0.00
16:09:36.073 -> 0.60,-9.99,-1.50, -0.02,-0.15,0.00
16:09:36.120 -> 0.59,-10.01,-1.60, 0.01,-0.13,0.01
16:09:36.168 -> 0.56,-9.98,-1.40, -0.02,-0.13,0.00
16:09:36.215 -> 0.58,-10.00,-1.61, -0.04,-0.13,0.00
16:09:36.262 -> 0.56,-9.99,-1.58, 0.01,-0.13,0.01
16:09:36.309 -> 0.54,-9.99,-1.53, 0.01,-0.13,0.00
16:09:36.356 -> 0.55,-10.01,-1.54, 0.10,-0.12,0.01
16:09:36.402 -> 0.57,-9.99,-1.66, 0.01,-0.13,0.01
16:09:36.449 -> 0.54,-9.97,-1.37, 0.04,-0.13,0.01
16:09:36.543 -> 0.55,-10.02,-1.48, 0.00,-0.13,0.00
16:09:36.590 -> 0.57,-10.00,-1.49, -0.02,-0.13,0.00
16:09:36.637 -> 0.57,-10.00,-1.47, -0.06,-0.13,-0.00
16:09:36.683 -> 0.57,-9.98,-1.47, -0.06,-0.13,-0.00
16:09:36.730 -> 0.57,-10.02,-1.70, -0.06,-0.13,-0.00
16:09:36.777 -> 0.59,-10.01,-1.61, 0.04,-0.12,0.01
16:09:36.824 -> 0.55,-9.97,-1.24, 0.24,0.11,0.03
16:09:36.871 -> 0.53,-9.98,-1.29, 0.14,0.13,0.02
16:09:36.918 -> 0.45,-9.95,-0.21, 0.17,0.00,0.02
16:09:36.965 -> 0.56,-9.97,-0.12, -0.12,-0.29,-0.00
16:09:37.012 -> 0.59,-9.72,-0.68, -0.02,-0.39,0.02
16:09:37.059 -> 0.86,-10.02,-0.96, 0.02,-0.38,0.02
16:09:37.105 -> 0.76,-9.90,-1.36, -0.03,-0.36,-0.00
16:09:37.194 -> 0.74,-9.91,-0.95, 0.03,-0.03,0.04
16:09:37.240 -> 0.53,-10.02,-0.51, 0.03,-0.18,0.04
16:09:37.287 -> 0.55,-9.95,-0.94, 0.01,-0.21,0.04
16:09:37.335 -> 0.49,-10.13,-0.86, -0.04,-0.36,-0.00
16:09:37.382 -> 0.43,-10.16,-1.43, -0.01,-0.33,-0.01
16:09:37.429 -> 0.31,-10.11,-1.15, -0.05,-0.19,-0.02
16:09:37.476 -> 0.46,-10.05,-1.48, 0.13,-0.09,0.02
16:09:37.523 -> 0.48,-9.92,-0.69, 0.07,-0.11,0.01
16:09:37.569 -> 0.54,-9.96,-0.86, 0.08,-0.08,0.02
16:09:37.616 -> 0.46,-10.08,-0.89, 0.04,-0.14,0.01
16:09:37.663 -> 0.26,-10.12,-0.64, 0.12,0.04,0.00
16:09:37.710 -> 0.47,-10.12,-0.40, 0.13,0.04,0.00
16:09:37.757 -> 0.44,-9.98,0.15, 0.14,0.03,-0.04
16:09:37.804 -> 0.41,-9.86,0.41, -0.04,-0.16,0.01
16:09:37.851 -> 0.38,-9.95,-0.46, 0.06,-0.24,0.06
16:09:37.944 -> 0.44,-10.20,0.19, 0.09,-0.10,0.03
16:09:37.991 -> 0.52,-9.82,-0.34, 0.02,-0.32,0.01
16:09:38.038 -> 0.67,-9.78,-0.48, -0.02,-0.37,-0.03
16:09:38.085 -> 0.64,-9.93,-0.45, -0.02,-0.46,0.01
16:09:38.132 -> 0.56,-9.77,-0.42, 0.02,-0.45,0.02
16:09:38.179 -> 0.44,-10.46,-1.07, 0.14,-0.25,0.02
16:09:38.226 -> 0.42,-10.31,-0.30, 0.09,-0.45,0.04
16:09:38.272 -> 0.51,-10.05,-0.62, -0.04,-0.40,-0.00
16:09:38.319 -> 0.58,-10.08,-1.07, -0.12,-0.41,0.00
16:09:38.366 -> 0.36,-9.91,-0.79, 0.05,-0.24,0.03
16:09:38.413 -> 0.26,-9.90,0.09, 0.04,-0.28,0.05
16:09:38.460 -> -0.12,-9.99,-1.09, -0.08,-0.47,0.01
16:09:38.507 -> 0.40,-10.15,-0.13, 0.09,-0.25,0.01
16:09:38.554 -> 0.34,-10.27,-0.58, 0.06,-0.47,0.05
16:09:38.600 -> 0.45,-10.19,-0.48, 0.11,-0.33,0.01
16:09:38.694 -> 0.64,-9.65,-0.04, 0.06,-0.28,0.02
16:09:38.741 -> 0.79,-9.44,-0.71, -0.07,-0.42,0.02
16:09:38.788 -> 1.05,-10.00,-0.97, 0.04,0.04,-0.01
16:09:38.835 -> 1.01,-10.04,-0.70, 0.05,-0.04,0.00
16:09:38.882 -> 0.27,-10.66,-2.08, 0.18,0.35,-0.02
16:09:38.929 -> 0.50,-10.83,0.95, 0.06,0.49,-0.25
16:09:38.975 -> 0.85,-10.34,-0.05, 0.03,1.03,-0.11
16:09:39.022 -> 0.88,-11.74,-0.63, 0.01,-0.06,-0.14
16:09:39.069 -> 0.19,-9.05,-1.02, 0.02,-0.16,-0.16
16:09:39.116 -> 0.47,-8.86,-0.44, 0.12,-0.03,0.09
16:09:39.163 -> 0.28,-9.14,-0.02, -0.22,-0.30,0.05
16:09:39.210 -> 0.45,-9.63,0.11, 0.20,0.03,0.18
16:09:39.257 -> 0.55,-9.61,1.34, 0.02,-0.34,0.05
16:09:39.303 -> 0.54,-9.69,-0.47, 0.07,-0.21,0.01
16:09:39.350 -> 0.37,-10.10,-0.08, 0.03,-0.16,0.09
16:09:39.444 -> 0.51,-10.05,0.19, 0.04,-0.07,-0.10
16:09:39.491 -> 0.58,-9.96,-1.15, -0.01,0.04,0.06
16:09:39.538 -> 0.53,-9.73,1.57, -0.08,0.16,-0.17
16:09:39.584 -> 0.33,-9.54,0.49, -0.13,0.14,-0.05
16:09:39.632 -> 0.64,-10.12,1.90, 0.02,0.34,-0.06
16:09:39.678 -> 0.81,-10.54,1.00, -0.16,0.04,-0.14
16:09:39.725 -> 0.57,-9.26,0.36, -0.04,0.08,-0.06
16:09:39.772 -> 0.66,-9.74,1.58, 0.20,0.15,0.14
16:09:39.819 -> 0.89,-9.55,1.32, 0.09,-0.23,0.00
16:09:39.866 -> 0.78,-9.62,0.39, 0.16,-0.36,0.19
16:09:39.913 -> 0.87,-9.49,0.38, 0.16,-0.51,0.01
16:09:39.960 -> 0.72,-9.60,-0.75, 0.26,-0.45,0.12
16:09:40.006 -> 0.52,-10.45,1.47, 0.19,-0.31,0.12
16:09:40.053 -> 0.80,-11.12,-0.36, 0.09,-0.67,0.03
16:09:40.100 -> 0.37,-9.69,-0.77, 0.12,-0.63,0.06
16:09:40.194 -> 0.28,-10.28,0.63, 0.06,-0.56,0.04
16:09:40.241 -> -0.13,-10.70,-0.92, -0.04,-0.64,0.10
16:09:40.288 -> 0.04,-10.18,0.68, 0.12,-0.31,0.04
16:09:40.335 -> 0.34,-9.40,0.28, 0.01,-0.38,0.11
16:09:40.382 -> 0.71,-10.24,-1.19, 0.01,-0.18,0.13
16:09:40.428 -> 0.54,-10.02,-0.36, -0.10,0.09,-0.02
16:09:40.475 -> 0.42,-10.85,-0.42, -0.35,0.33,-0.09
16:09:40.522 -> 0.56,-10.36,0.02, -0.33,-0.46,-0.06
16:09:40.569 -> 0.87,-9.98,-2.02, -0.49,-0.84,-0.02
16:09:40.616 -> 0.64,-10.19,-0.98, -0.41,-0.15,-0.13
16:09:40.663 -> 0.42,-10.50,-0.98, -0.30,-0.02,-0.04
16:09:40.710 -> 0.32,-8.58,-1.06, -0.48,0.04,-0.33
16:09:40.757 -> 0.23,-9.36,-2.53, -0.22,0.42,0.22
16:09:40.803 -> 0.59,-10.86,-1.30, -0.06,0.17,-0.13
16:09:40.850 -> 0.29,-10.34,-2.08, -0.03,0.05,-0.15
16:09:40.945 -> 0.43,-10.09,-1.40, -0.10,-0.04,-0.11
16:09:40.992 -> 0.33,-10.02,0.91, 0.08,-0.34,-0.07
16:09:41.039 -> 1.07,-10.01,-1.36, -0.07,-0.30,-0.04
16:09:41.086 -> 0.97,-9.71,-1.03, 0.06,-0.06,0.00
16:09:41.133 -> 0.63,-9.92,0.80, 0.01,-0.14,0.00
16:09:41.181 -> 1.02,-10.00,-0.78, 0.01,-0.27,-0.04
16:09:41.227 -> 1.06,-9.92,-0.90, 0.00,-0.13,-0.00
16:09:41.274 -> 1.09,-10.03,-0.49, -0.01,-0.03,0.01
16:09:41.321 -> 1.06,-9.92,-0.65, -0.04,-0.13,-0.05
16:09:41.368 -> 1.24,-9.99,-0.89, -0.05,-0.12,-0.02
16:09:41.415 -> 1.04,-9.96,-0.67, -0.03,-0.13,0.04
16:09:41.462 -> 1.04,-9.96,-0.58, 0.04,-0.13,0.03
16:09:41.509 -> 0.94,-10.02,-0.53, -0.11,-0.22,-0.02
16:09:41.556 -> 1.10,-9.96,-0.94, -0.04,0.05,-0.04
16:09:41.602 -> 1.06,-9.92,-0.63, -0.19,-0.13,-0.09
16:09:41.649 -> 1.27,-9.97,-0.88, -0.12,-0.18,-0.09
16:09:41.743 -> 1.29,-9.90,-1.02, -0.02,-0.01,-0.02
16:09:41.790 -> 1.17,-9.92,-0.82, 0.01,-0.03,0.07
16:09:41.837 -> 1.05,-9.99,-0.79, 0.07,-0.03,0.10
16:09:41.884 -> 1.09,-9.98,-0.96, -0.03,-0.14,0.03
16:09:41.930 -> 1.02,-10.03,-0.90, 0.07,-0.07,0.03
16:09:41.977 -> 0.92,-9.95,-0.25, -0.03,-0.20,0.00
16:09:42.024 -> 1.13,-9.95,-1.04, 0.03,-0.19,0.03
16:09:42.071 -> 0.90,-9.98,-0.19, 0.02,-0.13,0.02
16:09:42.118 -> 0.98,-10.07,-0.92, -0.01,-0.16,-0.04
16:09:42.165 -> 1.03,-10.02,-0.74, -0.01,-0.30,-0.13
16:09:42.212 -> 1.11,-9.97,-0.64, -0.03,-0.29,-0.15
16:09:42.259 -> 1.23,-9.96,-0.79, 0.06,-0.04,0.00
16:09:42.305 -> 1.18,-9.93,-0.72, 0.05,-0.06,0.00
16:09:42.352 -> 1.22,-9.94,-0.52, -0.04,-0.17,0.01
16:09:42.399 -> 1.19,-10.00,-0.87, -0.04,-0.19,0.01
16:09:42.493 -> 1.13,-9.95,-0.74, -0.04,-0.08,-0.01
16:09:42.541 -> 1.22,-9.98,-0.82, -0.01,-0.09,-0.00
16:09:42.588 -> 1.24,-9.97,-0.79, 0.03,-0.09,0.00
16:09:42.635 -> 1.17,-9.91,-0.37, -0.00,-0.26,0.01
16:09:42.681 -> 1.13,-9.96,-0.62, -0.04,-0.17,0.00
16:09:42.728 -> 1.19,-9.96,-0.70, -0.00,-0.17,0.01
16:09:42.775 -> 1.22,-9.95,-0.63, -0.03,-0.11,0.00
16:09:42.822 -> 1.15,-9.96,-0.68, 0.02,-0.10,0.01
16:09:42.869 -> 1.17,-9.96,-0.72, 0.02,-0.06,-0.01
16:09:42.916 -> 1.22,-10.00,-1.08, 0.03,-0.06,0.00
16:09:42.963 -> 1.14,-9.95,-0.47, 0.03,-0.11,0.00
16:09:43.009 -> 1.25,-9.97,-0.64, 0.02,-0.14,0.01
16:09:43.056 -> 1.24,-9.96,-0.47, 0.01,-0.07,0.02
16:09:43.103 -> 1.14,-9.94,-0.39, -0.04,-0.08,-0.01
16:09:43.150 -> 1.07,-9.94,-0.49, -0.04,-0.12,0.00
16:09:43.244 -> 1.15,-9.98,-0.66, 0.01,-0.13,-0.00
16:09:43.291 -> 1.24,-10.06,-0.54, -0.02,-0.14,0.00
16:09:43.338 -> 1.20,-9.93,-0.66, -0.03,-0.14,0.00
16:09:43.384 -> 1.16,-9.93,-0.52, -0.01,-0.13,0.01
16:09:43.431 -> 1.14,-9.94,-0.49, -0.02,-0.13,0.00
16:09:43.478 -> 1.15,-9.92,-0.57, 0.00,-0.13,0.00
16:09:43.525 -> 1.18,-9.96,-0.54, -0.02,-0.13,0.01
16:09:43.572 -> 1.18,-9.97,-0.59, -0.06,-0.13,0.00
16:09:43.619 -> 1.19,-9.99,-0.72, 0.00,-0.12,0.01
16:09:43.666 -> 1.19,-9.99,-0.67, 0.07,-0.12,0.00
16:09:43.712 -> 1.25,-9.96,-0.68, 0.10,-0.10,0.00
16:09:43.759 -> 1.24,-10.00,-1.15, 0.02,-0.18,-0.00
16:09:43.806 -> 1.17,-10.06,-0.46, -0.04,-0.04,-0.01
16:09:43.853 -> 1.16,-9.91,-0.30, -0.09,-0.13,-0.00
16:09:43.900 -> 1.15,-9.95,-0.50, -0.17,-0.13,-0.00
16:09:43.994 -> 1.19,-10.03,-0.81, -0.20,-0.11,-0.01
16:09:44.040 -> 1.26,-9.97,-1.07, -0.16,-0.01,-0.03
16:09:44.087 -> 1.17,-9.97,-0.53, 0.02,0.04,-0.01
16:09:44.134 -> 1.18,-9.93,-0.25, 0.01,-0.07,-0.00
16:09:44.181 -> 1.14,-9.98,-0.65, -0.20,-0.11,-0.01
16:09:44.228 -> 1.20,-10.00,-0.95, -0.15,-0.11,-0.02
16:09:44.275 -> 1.18,-9.90,-0.73, -0.17,-0.03,-0.02
16:09:44.322 -> 1.32,-10.03,-1.03, -0.46,0.12,-0.05
16:09:44.369 -> 1.21,-10.86,-3.17, 0.18,-0.06,-0.02
16:09:44.415 -> 1.24,-9.96,-0.58, 0.98,0.09,0.05
16:09:44.462 -> 1.19,-9.79,0.36, 0.05,-0.16,0.01
16:09:44.509 -> 0.93,-10.33,-0.85, -0.83,-0.08,-0.05
16:09:44.556 -> 2.23,-9.38,-3.07, 0.80,0.52,-0.06
16:09:44.603 -> 0.82,-9.40,1.84, -0.04,-0.30,0.07
16:09:44.650 -> 1.05,-9.66,0.46, -1.07,-0.65,-0.01
16:09:44.743 -> 0.91,-10.41,-1.74, -1.67,-0.13,-0.10
16:09:44.790 -> 1.62,-9.72,-2.71, -0.91,0.24,-0.01
16:09:44.837 -> 1.23,-9.97,-4.07, -0.67,0.56,0.05
16:09:44.884 -> 1.48,-9.64,-3.70, -0.15,0.50,0.08
16:09:44.931 -> 1.26,-10.10,-0.24, -0.25,0.29,0.06
16:09:44.979 -> 1.33,-10.14,-3.44, 0.37,-0.14,0.06
16:09:45.026 -> 1.31,-9.92,-2.62, 0.77,-0.13,0.07
16:09:45.073 -> 1.36,-9.88,-2.26, 0.59,-0.13,0.06
16:09:45.120 -> 1.24,-9.96,-1.73, 0.63,-0.12,0.07
16:09:45.168 -> 1.21,-9.87,-1.26, 0.49,-0.13,0.06
16:09:45.214 -> 1.57,-10.01,-1.35, 0.35,-0.22,0.05
16:09:45.261 -> 1.31,-9.96,-0.91, 0.27,-0.26,0.04
16:09:45.308 -> 1.49,-9.95,-1.00, 0.16,-0.40,0.03
16:09:45.355 -> 1.06,-9.97,-1.25, 0.14,-0.30,0.02
16:09:45.402 -> 1.05,-9.97,-0.62, 0.36,-0.37,0.05
16:09:45.449 -> 1.39,-9.96,-0.70, 0.14,-0.42,0.04
16:09:45.543 -> 1.21,-9.94,-0.57, 0.28,-0.29,0.04
16:09:45.589 -> 1.24,-9.97,-0.74, -0.07,-0.31,0.01
16:09:45.637 -> 1.08,-9.98,-0.88, 0.14,-0.16,0.02
16:09:45.684 -> 1.06,-9.91,-0.23, 0.09,-0.20,0.02
16:09:45.731 -> 0.93,-9.94,-0.44, -0.07,-0.21,0.01
16:09:45.778 -> 1.11,-10.00,-0.60, -0.04,-0.20,0.01
16:09:45.825 -> 1.10,-9.97,-0.58, -0.11,-0.19,0.00
16:09:45.872 -> 1.08,-10.05,-0.96, 0.02,-0.16,0.01
16:09:45.919 -> 1.02,-9.96,-0.57, 0.05,-0.20,0.01
16:09:45.967 -> 1.07,-9.97,-0.66, 0.04,-0.17,0.01
16:09:46.014 -> 1.09,-9.92,-0.40, 0.06,-0.14,0.01
16:09:46.061 -> 1.11,-9.95,-0.48, -0.10,-0.13,-0.00
16:09:46.107 -> 1.13,-9.96,-0.48, -0.19,-0.12,-0.01
16:09:46.155 -> 1.32,-9.97,-0.56, -0.20,-0.14,-0.01
16:09:46.202 -> 0.97,-10.04,-0.93, -0.16,-0.15,-0.01
16:09:46.249 -> 1.18,-9.99,-0.91, 0.04,-0.13,0.01
16:09:46.343 -> 1.20,-9.97,-0.71, 0.01,-0.13,0.00
16:09:46.390 -> 1.13,-9.99,-0.75, 0.01,-0.13,0.01
16:09:46.437 -> 1.15,-9.97,-0.64, -0.04,-0.12,-0.01
16:09:46.483 -> 1.20,-10.02,-0.80, -0.20,-0.13,-0.01
16:09:46.530 -> 1.16,-9.98,-1.09, -0.05,-0.14,0.00
16:09:46.577 -> 1.17,-9.96,-0.92, 0.05,-0.13,0.01
16:09:46.624 -> 1.15,-9.97,-0.87, 0.12,-0.13,0.02
16:09:46.671 -> 1.09,-9.93,-0.66, 0.10,-0.12,0.00
16:09:46.718 -> 1.18,-9.97,-0.60, -0.11,-0.12,-0.01
