16:08:35.423 -> 0.45,-9.98,-0.83, -0.11,-0.08,-0.01
16:08:35.470 -> 0.51,-10.04,-1.13, -0.02,-0.15,-0.00
16:08:35.516 -> 0.51,-9.97,-1.03, -0.03,-0.15,0.00
16:08:35.563 -> 0.53,-9.91,-1.08, -0.04,-0.11,0.03
16:08:35.610 -> 0.48,-10.05,-1.12, -0.07,-0.13,0.00
16:08:35.657 -> 0.44,-9.99,-1.02, -0.04,-0.15,0.00
16:08:35.704 -> 0.50,-9.97,-1.12, 0.03,-0.21,0.01
16:08:35.751 -> 0.44,-10.05,-1.04, 0.06,-0.20,-0.01
16:08:35.797 -> 0.47,-10.00,-1.09, 0.08,-0.17,0.01
16:08:35.844 -> 0.44,-9.99,-0.91, 0.01,-0.15,-0.01
16:08:35.938 -> 0.50,-9.98,-1.04, -0.02,-0.15,0.01
16:08:35.985 -> 0.46,-10.02,-1.04, -0.05,-0.17,-0.01
16:08:36.032 -> 0.50,-10.01,-1.09, -0.01,-0.14,0.00
16:08:36.079 -> 0.46,-9.96,-0.90, 0.01,-0.19,-0.01
16:08:36.126 -> 0.49,-9.99,-1.02, 0.03,-0.14,0.01
16:08:36.172 -> 0.50,-10.00,-0.95, -0.01,-0.14,0.00
16:08:36.219 -> 0.47,-10.01,-0.96, -0.04,-0.19,0.01
16:08:36.266 -> 0.48,-9.97,-0.96, -0.06,-0.17,-0.01
16:08:36.313 -> 0.46,-10.09,-0.59, -0.07,-0.33,0.01
16:08:36.360 -> 0.58,-10.17,-1.92, 0.03,-0.32,0.04
16:08:36.407 -> 0.31,-10.16,-0.55, 0.10,-0.18,-0.04
16:08:36.454 -> 0.52,-9.94,-1.40, 0.05,-0.26,-0.00
16:08:36.501 -> 0.37,-10.00,-0.67, 0.05,-0.23,0.01
16:08:36.547 -> 0.51,-10.19,-0.83, 0.05,-0.25,0.04
16:08:36.594 -> 0.73,-10.29,-1.43, 0.10,-0.22,0.29
16:08:36.688 -> 0.57,-11.63,-0.64, 0.12,-0.09,-0.03
16:08:36.735 -> 0.47,-10.32,-1.02, 0.12,-0.16,-0.28
16:08:36.782 -> 0.43,-9.83,-0.76, 0.09,-0.27,-0.31
16:08:36.829 -> 0.56,-10.49,-1.28, 0.02,-0.38,-0.27
16:08:36.875 -> 0.52,-9.29,-1.58, 0.03,-0.26,-0.29
16:08:36.922 -> 0.79,-9.55,-1.25, 0.02,-0.14,-0.12
16:08:36.969 -> 0.97,-9.28,-1.63, 0.01,-0.13,-0.08
16:08:37.016 -> 0.97,-10.18,-0.71, 0.03,-0.13,0.04
16:08:37.063 -> 1.26,-10.33,-1.19, 0.04,-0.17,0.06
16:08:37.110 -> 1.27,-10.46,-0.69, -0.02,-0.20,0.02
16:08:37.157 -> 1.49,-9.97,-0.68, 0.02,-0.34,-0.00
16:08:37.204 -> 1.38,-9.77,-1.24, -0.05,-0.32,-0.06
16:08:37.250 -> 1.22,-9.45,-0.37, -0.04,-0.23,0.03
16:08:37.297 -> 0.87,-9.89,0.39, 0.01,-0.55,0.06
16:08:37.344 -> 1.03,-10.21,-0.22, -0.04,-0.69,0.08
16:08:37.438 -> 0.86,-9.97,-0.25, -0.04,-0.51,-0.08
16:08:37.486 -> 0.99,-9.78,-0.69, -0.09,-0.69,-0.08
16:08:37.533 -> 1.02,-10.05,-0.86, -0.03,-0.36,0.01
16:08:37.580 -> 0.86,-10.66,-0.85, 0.02,-0.35,-0.19
16:08:37.627 -> 0.84,-8.97,-0.31, -0.08,-0.37,-0.06
16:08:37.674 -> 1.05,-9.93,-1.70, -0.17,-0.39,-0.10
16:08:37.721 -> 1.09,-10.70,-1.10, -0.11,-0.32,0.00
16:08:37.769 -> 0.98,-9.99,-1.28, -0.12,-0.26,0.03
16:08:37.816 -> 0.75,-9.89,-0.75, -0.16,-0.22,0.09
16:08:37.863 -> 0.47,-9.57,-1.18, -0.27,-0.52,-0.03
16:08:37.910 -> 1.02,-10.88,-2.23, -0.26,-0.25,0.18
16:08:37.957 -> 1.08,-10.43,-1.69, -0.29,-0.08,-0.24
16:08:38.005 -> 1.24,-9.19,-1.34, -0.26,-0.14,0.06
16:08:38.051 -> 1.69,-10.68,-2.16, -0.34,0.03,0.18
16:08:38.098 -> 1.70,-9.84,-1.26, -0.08,-0.27,-0.12
16:08:38.145 -> 1.91,-10.03,-1.87, -0.06,0.15,0.19
16:08:38.192 -> 1.79,-10.03,-1.27, -0.08,-0.20,-0.09
16:08:38.286 -> 1.96,-9.80,-3.69, 0.01,-0.01,-0.14
16:08:38.333 -> 1.59,-9.52,-2.16, 0.12,0.24,0.04
16:08:38.379 -> 1.55,-10.07,-3.11, 0.08,0.33,-0.06
16:08:38.426 -> 1.28,-9.90,-1.52, 0.15,0.14,0.03
16:08:38.473 -> 1.23,-8.67,-1.24, 0.12,0.35,0.05
16:08:38.520 -> 1.48,-9.58,-2.17, 0.08,-0.20,0.09
16:08:38.567 -> 1.59,-9.36,-1.51, 0.07,0.06,0.09
16:08:38.614 -> 1.54,-9.97,-1.20, 0.10,-0.26,0.03
16:08:38.661 -> 1.55,-11.02,-1.49, -0.02,-0.22,0.02
16:08:38.707 -> 1.44,-9.36,-0.12, 0.13,-0.05,0.14
16:08:38.754 -> 1.47,-9.87,0.32, -0.01,-0.50,-0.11
16:08:38.801 -> 1.04,-10.09,-1.42, 0.04,-0.32,-0.06
16:08:38.848 -> 1.16,-10.91,0.13, 0.09,-0.23,0.09
16:08:38.895 -> 1.14,-9.95,-1.22, 0.05,-0.31,0.02
16:08:38.942 -> 0.98,-9.72,-0.93, 0.06,0.04,0.27
16:08:39.036 -> 1.12,-10.86,-0.53, 0.13,-0.03,0.17
16:08:39.082 -> 0.71,-10.20,-0.99, 0.17,0.21,0.09
16:08:39.129 -> 0.55,-9.68,-1.22, 0.24,0.14,0.02
16:08:39.176 -> 0.23,-9.25,-0.69, 0.07,0.13,0.10
16:08:39.223 -> 0.59,-10.16,-1.38, 0.11,-0.12,0.11
16:08:39.270 -> 0.40,-9.43,-0.30, -0.12,0.04,0.07
16:08:39.317 -> 0.32,-9.65,-0.94, -0.16,-0.34,0.06
16:08:39.364 -> 0.60,-10.11,0.08, -0.27,-0.42,0.19
16:08:39.411 -> 1.09,-9.20,-2.32, -0.15,-0.30,0.23
16:08:39.457 -> 1.24,-10.04,-0.95, -0.07,-0.51,0.23
16:08:39.509 -> 1.38,-9.91,-0.18, -0.01,-0.29,0.10
16:08:39.555 -> 0.74,-9.87,-1.90, -0.09,-0.30,0.04
16:08:39.602 -> -0.17,-9.81,-0.22, 0.15,0.03,0.32
16:08:39.649 -> 0.11,-12.61,0.80, -0.27,-1.06,-0.09
16:08:39.696 -> -0.67,-8.57,-2.62, -0.42,-0.81,0.08
16:08:39.744 -> 0.17,-11.12,-1.41, -0.17,-0.48,0.17
16:08:39.837 -> 0.26,-9.80,-1.95, -0.04,-0.26,0.06
16:08:39.884 -> 0.75,-11.21,0.12, -0.00,0.01,-0.24
16:08:39.931 -> 0.80,-9.17,-1.91, -0.08,-0.31,-0.21
16:08:39.978 -> 0.85,-8.58,-2.27, -0.02,-0.54,-0.26
16:08:40.025 -> 0.24,-10.16,0.61, 0.06,-0.29,0.04
16:08:40.072 -> 0.69,-10.63,-1.64, 0.15,-1.04,-0.24
16:08:40.119 -> -0.06,-9.39,-1.05, 0.12,-1.27,-0.27
16:08:40.166 -> 0.16,-9.94,-1.86, 0.02,-1.15,0.10
16:08:40.212 -> -0.05,-9.98,-1.78, 0.08,-1.38,-0.10
16:08:40.259 -> 0.68,-9.91,-1.91, 0.10,-0.42,0.28
16:08:40.306 -> 1.13,-11.59,-2.14, 0.09,-0.40,0.14
16:08:40.353 -> 0.62,-10.31,-0.30, 0.26,0.29,0.25
16:08:40.400 -> 0.82,-10.63,-0.91, -0.07,-0.28,-0.16
16:08:40.447 -> 0.42,-9.51,-0.95, 0.05,0.29,0.05
16:08:40.493 -> 0.88,-9.85,-1.72, 0.01,0.27,-0.33
16:08:40.589 -> 0.47,-9.70,-0.46, 0.12,0.77,-0.08
16:08:40.638 -> 0.83,-8.98,-1.37, -0.06,0.66,-0.16
16:08:40.684 -> 0.68,-11.24,0.69, -0.07,0.85,-0.13
16:08:40.731 -> 0.86,-9.73,-0.69, -0.22,0.62,-0.21
16:08:40.779 -> 0.53,-10.57,-1.19, -0.15,0.73,0.06
16:08:40.826 -> 0.39,-10.41,-0.52, -0.17,0.87,-0.22
16:08:40.873 -> 0.60,-8.35,-0.66, -0.18,0.66,-0.12
16:08:40.920 -> 0.90,-9.66,-1.04, -0.29,0.51,0.08
16:08:40.968 -> 1.17,-10.17,-1.24, -0.24,0.24,0.10
16:08:41.015 -> 1.39,-10.00,-2.06, -0.16,0.48,-0.01
16:08:41.062 -> 1.61,-10.66,-1.32, -0.10,0.25,-0.02
16:08:41.108 -> 1.57,-9.90,-1.38, -0.07,0.17,-0.04
16:08:41.156 -> 1.41,-9.95,-2.20, -0.05,0.17,-0.14
16:08:41.203 -> 1.00,-9.84,-1.47, 0.07,0.23,-0.03
16:08:41.250 -> 1.13,-9.52,-2.61, -0.02,-0.05,-0.00
16:08:41.297 -> 0.96,-10.34,-1.62, 0.06,0.14,0.04
16:08:41.344 -> 0.83,-9.57,-2.00, 0.05,-0.10,-0.05
16:08:41.438 -> 0.99,-10.09,-2.39, 0.12,0.25,0.04
16:08:41.484 -> 0.91,-10.10,-1.51, 0.04,-0.30,0.05
16:08:41.531 -> 0.82,-9.71,-1.67, 0.09,-0.13,0.08
16:08:41.578 -> 1.01,-10.46,-0.79, 0.02,-0.08,0.13
16:08:41.625 -> 0.89,-10.34,-0.05, 0.08,-0.05,-0.06
16:08:41.672 -> 0.75,-9.52,0.21, -0.08,-0.48,-0.11
16:08:41.719 -> 0.71,-9.63,-0.47, -0.06,-0.37,0.09
16:08:41.766 -> 0.80,-10.04,-0.91, -0.12,-0.16,0.08
16:08:41.812 -> 0.45,-9.49,-0.26, -0.14,-0.23,0.09
16:08:41.859 -> 0.69,-10.46,-0.85, -0.08,0.04,0.13
16:08:41.906 -> 0.72,-9.68,-0.91, -0.09,-0.00,0.03
16:08:41.953 -> 1.20,-10.39,-3.47, 0.05,0.36,-0.09
16:08:42.000 -> 0.69,-10.12,-0.27, 0.07,0.90,0.34
16:08:42.047 -> 0.96,-10.18,-1.35, -0.12,0.53,-0.13
16:08:42.093 -> 0.97,-9.73,-2.56, -0.12,0.40,0.03
16:08:42.187 -> 0.59,-9.09,-0.45, -0.07,0.34,-0.09
16:08:42.234 -> 0.77,-10.43,-1.02, -0.31,0.13,-0.05
16:08:42.281 -> 0.82,-10.20,0.11, -0.20,-0.08,0.02
16:08:42.328 -> 1.19,-10.49,-3.39, -0.23,-0.11,-0.06
16:08:42.375 -> 0.74,-10.28,-0.79, -0.25,0.24,-0.08
16:08:42.422 -> 1.01,-9.23,-2.72, -0.28,-0.01,-0.13
16:08:42.469 -> 0.73,-10.25,-1.18, -0.28,0.27,0.16
16:08:42.515 -> 0.57,-10.51,-0.54, -0.00,0.50,0.24
16:08:42.562 -> 0.77,-10.71,-2.54, -0.16,0.17,-0.03
16:08:42.609 -> 0.33,-9.04,-1.67, -0.19,0.08,0.19
16:08:42.656 -> 0.45,-10.98,-1.74, -0.17,0.25,0.09
16:08:42.703 -> 0.23,-10.03,-1.33, 0.02,-0.14,0.01
16:08:42.750 -> 0.44,-10.21,-0.81, 0.08,-0.21,0.00
16:08:42.798 -> 0.63,-9.97,-1.76, -0.05,-0.34,-0.02
16:08:42.845 -> 0.75,-9.97,-2.28, -0.02,-0.35,-0.01
16:08:42.892 -> 0.57,-9.93,-2.50, 0.14,-0.57,-0.02
16:08:42.987 -> 0.63,-10.05,-2.68, 0.07,-0.50,-0.02
16:08:43.034 -> 0.48,-10.01,-1.90, 0.08,-0.53,-0.02
16:08:43.080 -> 0.58,-9.75,-3.30, 0.05,-0.45,-0.01
16:08:43.127 -> 0.52,-11.09,2.02, 0.17,0.00,0.07
16:08:43.174 -> 0.60,-9.98,-1.14, 0.13,-0.18,0.02
16:08:43.221 -> 0.55,-10.01,-1.73, -0.13,-0.15,0.05
16:08:43.268 -> 0.79,-9.98,-2.05, -0.05,-0.16,0.04
16:08:43.315 -> 0.53,-10.10,-2.16, -0.06,-0.14,-0.05
16:08:43.361 -> 0.67,-9.97,-1.93, -0.03,-0.08,0.02
16:08:43.408 -> 0.47,-10.03,-2.01, -0.14,-0.07,-0.07
16:08:43.455 -> 0.61,-9.97,-1.95, -0.01,-0.16,-0.00
16:08:43.502 -> 0.67,-9.95,-2.12, -0.06,-0.16,0.02
16:08:43.549 -> 0.88,-10.00,-2.09, -0.09,-0.13,-0.02
16:08:43.596 -> 0.63,-10.06,-1.92, -0.09,-0.08,-0.01
16:08:43.643 -> 0.51,-9.96,-2.28, -0.06,-0.05,0.00
16:08:43.737 -> 0.35,-9.93,-1.68, -0.11,-0.06,0.00
16:08:43.783 -> 0.68,-9.94,-2.24, -0.01,-0.13,0.00
16:08:43.831 -> 0.66,-9.93,-2.19, -0.07,-0.13,0.00
16:08:43.877 -> 0.57,-9.97,-2.49, 0.02,-0.13,0.00
16:08:43.924 -> 0.66,-9.91,-2.11, 0.03,-0.13,0.01
16:08:43.971 -> 0.65,-9.93,-2.25, -0.10,-0.12,-0.01
16:08:44.018 -> 0.68,-9.92,-2.32, -0.09,-0.13,-0.00
16:08:44.065 -> 0.62,-9.96,-2.31, -0.04,-0.14,-0.00
16:08:44.112 -> 0.60,-9.93,-2.41, -0.03,-0.13,0.00
16:08:44.159 -> 0.68,-9.92,-2.38, -0.01,-0.13,0.00
16:08:44.205 -> 0.66,-9.92,-2.32, 0.04,-0.13,0.01
16:08:44.254 -> 0.69,-9.95,-2.43, -0.05,-0.13,0.00
16:08:44.301 -> 0.65,-9.96,-2.29, 0.09,-0.13,0.01
16:08:44.347 -> 0.93,-10.01,-2.56, -0.02,-0.05,0.00
16:08:44.394 -> 0.69,-9.95,-2.19, -0.11,-0.06,0.00
16:08:44.488 -> 0.62,-9.89,-2.28, -0.01,-0.01,0.02
16:08:44.535 -> 0.57,-9.93,-2.18, -0.01,-0.06,0.01
16:08:44.582 -> 0.83,-10.03,-2.26, -0.10,-0.09,-0.00
16:08:44.629 -> 0.76,-9.93,-2.60, -0.03,0.00,0.01
16:08:44.676 -> 0.45,-10.00,-1.75, 0.05,-0.24,0.00
16:08:44.722 -> 0.56,-9.92,-2.15, -0.07,-0.06,0.00
16:08:44.769 -> 0.71,-9.96,-2.52, -0.05,-0.08,0.00
16:08:44.816 -> 0.69,-10.03,-1.90, 0.01,-0.17,-0.00
16:08:44.863 -> 0.81,-9.86,-3.39, -0.00,-0.39,-0.02
16:08:44.910 -> 0.87,-9.88,-3.36, -0.02,-0.21,-0.01
16:08:44.957 -> 0.65,-9.91,-2.26, -0.05,-0.12,-0.00
16:08:45.004 -> 0.66,-9.92,-2.42, -0.09,-0.11,-0.00
16:08:45.051 -> 0.72,-9.93,-2.44, -0.07,-0.03,0.01
16:08:45.097 -> 0.58,-9.91,-2.23, -0.13,0.05,0.01
16:08:45.144 -> 0.08,-10.31,-0.36, -0.00,-0.14,-0.01
16:08:45.238 -> 0.86,-9.85,-3.80, 0.02,-0.42,-0.02
16:08:45.286 -> 0.97,-9.96,-3.26, 0.01,-0.11,0.01
16:08:45.333 -> 0.84,-10.07,-1.78, -0.00,-0.03,0.01
16:08:45.380 -> 0.69,-9.85,-2.27, 0.23,-0.24,0.01
16:08:45.427 -> 0.61,-10.02,-0.90, 0.29,-0.03,0.04
16:08:45.473 -> 0.25,-9.89,-0.54, 0.21,-0.32,0.01
16:08:45.522 -> 0.64,-9.89,-3.51, 0.02,-0.61,-0.01
16:08:45.568 -> 0.51,-10.02,-3.86, -0.20,-0.13,-0.01
16:08:45.615 -> 0.95,-9.79,-2.78, 0.08,0.29,0.04
16:08:45.662 -> 0.95,-9.93,-1.86, -0.35,0.10,-0.01
16:08:45.710 -> 0.70,-10.02,-2.56, -0.33,-0.25,-0.04
16:08:45.757 -> 0.23,-9.92,-2.72, -0.10,-0.23,-0.02
16:08:45.804 -> 0.29,-10.05,-1.47, 0.00,-0.16,0.01
16:08:45.851 -> 0.38,-9.99,-1.05, 0.03,-0.39,-0.02
16:08:45.897 -> 0.53,-9.98,-1.47, -0.18,-0.24,-0.03
16:08:45.944 -> 0.86,-9.90,-3.80, -0.10,-0.17,-0.01
16:08:46.038 -> 0.59,-9.91,-2.01, 0.10,-0.24,0.00
16:08:46.085 -> 0.56,-9.91,-2.05, -0.09,-0.43,-0.04
16:08:46.132 -> 0.31,-9.77,-2.74, -0.21,-0.35,-0.04
16:08:46.179 -> 0.70,-9.93,-3.23, -0.13,-0.24,-0.02
16:08:46.226 -> 1.06,-9.96,-2.49, 0.07,-0.04,0.02
16:08:46.272 -> 0.89,-9.92,-2.51, 0.06,-0.19,0.00
16:08:46.319 -> 0.28,-9.85,-2.59, -0.13,-0.23,-0.02
16:08:46.366 -> 0.61,-9.83,-2.64, -0.05,-0.15,-0.00
16:08:46.413 -> 0.99,-9.91,-3.10, -0.06,-0.16,-0.01
16:08:46.460 -> 0.79,-9.87,-2.58, -0.04,-0.14,-0.00
16:08:46.507 -> 0.69,-9.90,-2.86, -0.02,-0.13,0.00
16:08:46.554 -> 0.69,-9.88,-2.61, 0.10,-0.12,0.01
16:08:46.600 -> 1.07,-9.84,-3.15, -0.11,-0.03,0.01
16:08:46.647 -> 0.49,-9.91,-2.63, -0.07,-0.06,0.01
16:08:46.694 -> 0.67,-9.87,-2.76, -0.02,-0.13,0.00
16:08:46.788 -> 0.68,-9.88,-2.62, 0.02,-0.12,0.01
16:08:46.835 -> 0.49,-9.91,-2.34, -0.07,-0.09,0.00
16:08:46.882 -> 0.69,-9.88,-2.85, -0.00,-0.13,0.00
16:08:46.928 -> 0.53,-9.85,-2.50, -0.04,-0.27,-0.02
16:08:46.975 -> 0.77,-9.88,-2.91, 0.03,-0.13,0.01
16:08:47.010 -> 0.75,-9.92,-2.83, -0.04,-0.13,0.00
16:08:47.057 -> 0.73,-9.94,-2.76, -0.03,-0.14,-0.00
16:08:47.104 -> 0.71,-9.87,-2.93, 0.00,-0.13,0.00
16:08:47.151 -> 0.68,-9.87,-2.83, 0.08,-0.11,0.01
16:08:47.198 -> 0.67,-9.88,-2.65, 0.02,-0.13,0.01
16:08:47.246 -> 0.75,-9.89,-2.83, -0.01,-0.13,0.00
