15:31:21.085 -> -0.43,-0.32,8.78, -0.01,-0.13,0.00
15:31:21.163 -> -0.42,-0.32,8.76, -0.01,-0.13,0.00
15:31:21.210 -> -0.43,-0.31,8.74, -0.02,-0.13,0.01
15:31:21.257 -> -0.43,-0.33,8.77, -0.01,-0.13,0.00
15:31:21.304 -> -0.42,-0.34,8.73, -0.02,-0.12,0.01
15:31:21.351 -> -0.44,-0.36,8.77, -0.01,-0.14,-0.00
15:31:21.398 -> -0.43,-0.35,8.78, -0.01,-0.13,0.00
15:31:21.445 -> -0.40,-0.34,8.76, -0.01,-0.13,0.00
15:31:21.492 -> -0.41,-0.31,8.75, -0.01,-0.13,0.00
15:31:21.539 -> -0.42,-0.31,8.75, -0.01,-0.13,0.00
15:31:21.586 -> -0.43,-0.33,8.77, -0.02,-0.13,0.00
15:31:21.633 -> -0.43,-0.33,8.75, -0.01,-0.13,0.00
15:31:21.681 -> -0.43,-0.32,8.77, -0.02,-0.13,0.00
15:31:21.728 -> -0.42,-0.32,8.73, -0.01,-0.13,0.00
15:31:21.775 -> -0.43,-0.31,8.75, -0.01,-0.13,0.00
15:31:21.821 -> -0.41,-0.33,8.79, -0.01,-0.13,0.00
15:31:21.915 -> -0.43,-0.32,8.75, -0.01,-0.13,0.00
15:31:21.962 -> -0.41,-0.32,8.77, -0.01,-0.13,0.00
15:31:22.009 -> -0.43,-0.33,8.77, -0.01,-0.13,0.00
15:31:22.056 -> -0.42,-0.33,8.77, -0.01,-0.13,0.00
15:31:22.103 -> -0.44,-0.34,8.73, -0.01,-0.13,0.00
15:31:22.150 -> -0.41,-0.32,8.78, -0.01,-0.13,0.00
15:31:22.196 -> -0.41,-0.32,8.76, -0.01,-0.13,0.00
15:31:22.243 -> -0.42,-0.34,8.75, -0.01,-0.13,0.00
15:31:22.290 -> -0.41,-0.30,8.74, -0.01,-0.13,0.00
15:31:22.337 -> -0.42,-0.33,8.73, -0.01,-0.13,0.00
15:31:22.384 -> -0.41,-0.32,8.75, -0.01,-0.13,0.00
15:31:22.431 -> -0.42,-0.31,8.76, -0.01,-0.13,0.00
15:31:22.478 -> -0.43,-0.33,8.76, -0.01,-0.13,0.00
15:31:22.524 -> -0.42,-0.33,8.72, -0.02,-0.13,0.00
15:31:22.571 -> -0.43,-0.31,8.74, -0.01,-0.13,0.00
15:31:22.666 -> -0.43,-0.32,8.74, -0.01,-0.13,0.01
15:31:22.713 -> -0.43,-0.32,8.75, -0.02,-0.13,0.00
15:31:22.759 -> -0.42,-0.33,8.77, -0.02,-0.13,0.00
15:31:22.806 -> -0.43,-0.33,8.74, -0.01,-0.13,0.00
15:31:22.853 -> -0.42,-0.31,8.77, -0.01,-0.13,0.00
15:31:22.900 -> -0.42,-0.34,8.75, -0.01,-0.13,0.00
15:31:22.947 -> -0.42,-0.33,8.74, -0.02,-0.13,0.00
15:31:22.994 -> -0.41,-0.32,8.78, -0.01,-0.13,0.00
15:31:23.041 -> -0.43,-0.32,8.77, -0.01,-0.13,0.00
15:31:23.087 -> -0.43,-0.32,8.77, -0.01,-0.13,0.00
15:31:23.134 -> -0.42,-0.33,8.75, -0.01,-0.13,0.00
15:31:23.181 -> -0.42,-0.33,8.73, -0.02,-0.12,0.01
15:31:23.228 -> -0.43,-0.35,8.76, -0.01,-0.13,0.00
15:31:23.275 -> -0.42,-0.33,8.79, -0.01,-0.13,-0.00
15:31:23.322 -> -0.41,-0.33,8.74, -0.01,-0.13,0.00
15:31:23.415 -> -0.41,-0.31,8.77, -0.01,-0.13,0.00
15:31:23.462 -> -0.42,-0.36,8.76, -0.02,-0.13,0.00
15:31:23.509 -> -0.42,-0.34,8.77, -0.02,-0.13,0.00
15:31:23.556 -> -0.42,-0.33,8.75, -0.02,-0.13,0.00
15:31:23.603 -> -0.45,-0.34,8.79, -0.02,-0.14,-0.00
15:31:23.650 -> -0.41,-0.32,8.76, -0.01,-0.13,0.00
15:31:23.696 -> -0.44,-0.33,8.78, -0.01,-0.13,0.01
15:31:23.744 -> -0.42,-0.30,8.74, -0.01,-0.13,0.01
15:31:23.790 -> -0.44,-0.31,8.77, -0.01,-0.14,0.00
15:31:23.837 -> -0.44,-0.31,8.77, -0.01,-0.13,0.01
15:31:23.884 -> -0.41,-0.33,8.77, -0.02,-0.13,0.00
15:31:23.931 -> -0.43,-0.34,8.79, -0.02,-0.14,0.00
15:31:23.978 -> -0.45,-0.34,8.79, -0.01,-0.13,0.00
15:31:24.025 -> -0.41,-0.33,8.76, -0.01,-0.13,0.00
15:31:24.071 -> -0.45,-0.30,8.77, -0.01,-0.13,0.00
15:31:24.165 -> -0.42,-0.33,8.76, -0.02,-0.13,0.00
15:31:24.212 -> -0.41,-0.34,8.77, -0.02,-0.13,0.00
15:31:24.259 -> -0.42,-0.33,8.76, -0.01,-0.13,0.00
15:31:24.306 -> -0.44,-0.35,8.75, -0.01,-0.13,0.00
15:31:24.353 -> -0.44,-0.30,8.76, -0.01,-0.13,0.01
15:31:24.400 -> -0.43,-0.31,8.74, -0.01,-0.13,0.00
15:31:24.446 -> -0.43,-0.32,8.74, -0.01,-0.13,0.00
15:31:24.493 -> -0.42,-0.32,8.76, -0.01,-0.13,0.00
15:31:24.540 -> -0.42,-0.32,8.77, -0.02,-0.13,0.00
15:31:24.587 -> -0.42,-0.28,8.74, -0.01,-0.15,-0.01
15:31:24.634 -> -0.43,-0.36,8.78, -0.02,-0.13,-0.01
15:31:24.681 -> -0.41,-0.30,8.77, -0.01,-0.13,0.00
15:31:24.728 -> -0.43,-0.30,8.79, -0.01,-0.11,0.02
15:31:24.774 -> -0.42,-0.32,8.73, -0.01,-0.13,0.01
15:31:24.821 -> -0.41,-0.33,8.76, -0.01,-0.13,0.00
15:31:24.915 -> -0.45,-0.32,8.74, -0.01,-0.14,-0.00
15:31:24.962 -> -0.41,-0.31,8.76, -0.01,-0.13,0.00
15:31:25.009 -> -0.42,-0.33,8.73, -0.01,-0.13,0.00
15:31:25.056 -> -0.42,-0.32,8.77, -0.02,-0.13,0.00
15:31:25.103 -> -0.43,-0.31,8.74, -0.01,-0.13,0.00
15:31:25.149 -> -0.45,-0.32,8.74, -0.02,-0.12,0.01
15:31:25.196 -> -0.40,-0.33,8.77, -0.02,-0.13,0.00
15:31:25.243 -> -0.44,-0.31,8.78, -0.01,-0.13,0.00
15:31:25.290 -> -0.41,-0.31,8.77, -0.01,-0.13,0.00
15:31:25.337 -> -0.43,-0.33,8.77, -0.01,-0.13,0.00
15:31:25.384 -> -0.42,-0.32,8.76, -0.01,-0.13,0.00
15:31:25.430 -> -0.43,-0.34,8.78, -0.02,-0.13,0.00
15:31:25.477 -> -0.41,-0.30,8.71, -0.02,-0.12,0.01
15:31:25.524 -> -0.42,-0.32,8.77, -0.01,-0.13,0.00
15:31:25.571 -> -0.43,-0.34,8.77, -0.02,-0.13,0.00
15:31:25.665 -> -0.41,-0.35,8.76, -0.02,-0.13,0.00
15:31:25.712 -> -0.43,-0.31,8.73, -0.02,-0.13,0.00
15:31:25.759 -> -0.44,-0.32,8.76, -0.01,-0.13,0.00
15:31:25.806 -> -0.39,-0.30,8.71, -0.01,-0.13,0.01
15:31:25.852 -> -0.43,-0.33,8.77, -0.02,-0.13,0.00
15:31:25.899 -> -0.41,-0.32,8.74, -0.01,-0.14,0.00
15:31:25.946 -> -0.42,-0.30,8.77, -0.01,-0.13,0.00
15:31:25.993 -> -0.43,-0.32,8.76, -0.02,-0.13,0.00
15:31:26.040 -> -0.42,-0.34,8.78, -0.01,-0.13,0.00
15:31:26.087 -> -0.45,-0.36,8.76, -0.02,-0.13,-0.01
15:31:26.134 -> -0.43,-0.39,8.73, -0.02,-0.12,-0.12
15:31:26.180 -> -0.44,-0.34,8.77, 0.00,-0.13,0.01
15:31:26.227 -> -0.40,-0.29,8.72, -0.02,-0.12,0.04
15:31:26.274 -> -0.45,-0.37,8.82, -0.02,-0.13,0.01
15:31:26.321 -> -0.43,-0.32,8.74, -0.00,-0.13,0.00
15:31:26.415 -> -0.43,-0.34,8.78, -0.00,-0.13,0.01
15:31:26.462 -> -0.45,-0.33,8.77, -0.01,-0.12,0.03
15:31:26.509 -> -0.44,-0.33,8.77, -0.02,-0.13,0.00
15:31:26.555 -> -0.43,-0.32,8.75, -0.01,-0.13,0.00
15:31:26.602 -> -0.43,-0.32,8.78, -0.02,-0.14,-0.01
15:31:26.649 -> -0.43,-0.34,8.74, -0.01,-0.14,0.00
15:31:26.696 -> -0.42,-0.33,8.75, -0.01,-0.13,0.01
15:31:26.743 -> -0.44,-0.31,8.74, -0.02,-0.13,0.00
15:31:26.790 -> -0.42,-0.34,8.74, -0.01,-0.13,0.00
15:31:26.837 -> -0.43,-0.31,8.78, -0.02,-0.12,0.01
15:31:26.883 -> -0.45,-0.33,8.73, -0.01,-0.13,0.00
15:31:26.930 -> -0.43,-0.32,8.79, -0.01,-0.13,0.00
15:31:26.977 -> -0.42,-0.32,8.75, -0.01,-0.13,0.00
15:31:27.024 -> -0.41,-0.35,8.73, -0.01,-0.13,0.00
15:31:27.071 -> -0.40,-0.25,8.71, -0.04,-0.12,0.01
15:31:27.165 -> -0.11,0.36,8.71, -0.11,-0.10,-0.00
15:31:27.212 -> -1.60,-1.62,8.83, -0.08,-0.16,0.25
15:31:27.258 -> -0.70,0.33,9.28, 0.25,-0.05,-0.55
15:31:27.305 -> -3.09,-0.07,10.79, 1.34,0.83,0.61
15:31:27.353 -> -2.01,-1.56,10.49, -0.81,0.91,-0.25
15:31:27.400 -> -3.30,-0.10,9.04, -0.43,0.41,-0.17
15:31:27.447 -> -2.95,-0.07,9.06, 0.14,-0.30,0.32
15:31:27.494 -> -1.26,0.30,8.61, -0.05,-0.29,0.20
15:31:27.542 -> -2.87,0.28,8.58, -0.28,0.14,0.02
15:31:27.588 -> -1.85,0.37,8.93, -0.17,0.04,-0.00
15:31:27.635 -> -2.30,-0.39,8.26, -0.20,-0.17,-0.18
15:31:27.682 -> -2.24,-1.06,8.14, -0.12,0.12,0.02
15:31:27.729 -> -2.43,0.16,7.12, -0.06,0.17,-0.14
15:31:27.776 -> -2.83,-0.34,7.38, -0.20,-0.17,-0.27
15:31:27.823 -> -2.20,-3.41,7.34, -0.51,-0.10,-0.35
15:31:27.870 -> -2.85,-0.26,5.28, -0.09,0.06,-0.12
15:31:27.963 -> -1.48,-1.32,6.70, 0.09,-0.68,0.59
15:31:28.011 -> -1.70,0.30,5.93, 0.30,-0.62,-0.08
15:31:28.057 -> -1.26,-0.53,7.43, 0.29,-1.03,0.38
15:31:28.104 -> -0.45,-1.62,8.48, 0.40,-0.68,0.55
15:31:28.151 -> 0.23,-0.27,9.17, -0.64,-1.00,0.30
15:31:28.198 -> 1.20,0.21,7.83, -0.09,-0.25,0.22
15:31:28.245 -> 1.51,-0.73,8.46, 0.13,-0.29,0.47
15:31:28.292 -> 1.89,0.67,8.56, 0.56,0.13,0.32
15:31:28.338 -> 1.22,-0.98,9.75, 0.14,-0.33,-0.16
15:31:28.385 -> 1.04,-0.86,9.29, 0.05,-0.24,0.31
15:31:28.432 -> 0.76,-0.35,10.10, -0.48,-0.21,-0.13
15:31:28.479 -> 0.28,-0.84,9.32, -0.34,-0.32,-0.02
15:31:28.526 -> 0.56,-1.14,9.54, -0.09,-0.08,-0.32
15:31:28.573 -> 0.19,-0.36,8.46, 0.45,0.08,-0.16
15:31:28.620 -> 0.05,-1.12,9.67, 0.47,0.01,0.03
15:31:28.715 -> -0.92,-0.44,8.04, -0.08,-0.16,0.16
15:31:28.761 -> -0.24,-0.68,8.84, -0.06,-0.17,-0.15
15:31:28.808 -> -0.24,-0.20,8.66, -0.00,-0.04,-0.26
15:31:28.855 -> -0.31,-0.17,8.78, 0.04,-0.17,0.06
15:31:28.903 -> -0.60,-0.48,8.73, -0.11,-0.11,0.20
15:31:28.950 -> -0.73,-0.24,8.82, -0.10,-0.12,0.07
15:31:28.997 -> -0.38,-0.39,8.70, -0.04,-0.16,-0.02
15:31:29.044 -> -0.43,-0.42,8.80, -0.01,-0.15,-0.11
15:31:29.090 -> -0.41,-0.39,8.76, -0.02,-0.15,-0.04
15:31:29.137 -> -0.39,-0.39,8.71, -0.01,-0.13,-0.00
15:31:29.184 -> -0.37,-0.35,8.73, -0.02,-0.13,-0.02
15:31:29.231 -> -0.37,-0.37,8.75, -0.01,-0.12,-0.01
15:31:29.278 -> -0.40,-0.39,8.72, -0.01,-0.12,0.00
15:31:29.325 -> -0.42,-0.40,8.76, -0.01,-0.13,-0.00
15:31:29.371 -> -0.40,-0.35,8.75, -0.01,-0.13,-0.00
15:31:29.465 -> -0.45,-0.36,8.77, -0.01,-0.12,-0.00
15:31:29.512 -> -0.43,-0.37,8.77, -0.00,-0.14,-0.01
15:31:29.559 -> -0.41,-0.36,8.73, -0.02,-0.13,0.01
15:31:29.606 -> -0.44,-0.39,8.76, -0.01,-0.10,-0.02
15:31:29.653 -> -0.43,-0.38,8.78, -0.01,-0.13,0.00
15:31:29.700 -> -0.44,-0.36,8.77, -0.01,-0.14,-0.00
15:31:29.747 -> -0.41,-0.36,8.75, -0.01,-0.14,-0.01
15:31:29.793 -> -0.43,-0.38,8.74, -0.02,-0.13,-0.01
15:31:29.840 -> -0.42,-0.39,8.77, -0.02,-0.15,0.00
15:31:29.887 -> -0.44,-0.37,8.77, -0.01,-0.14,-0.01
15:31:29.934 -> -0.37,-0.35,8.74, -0.01,-0.14,-0.01
15:31:29.981 -> -0.43,-0.38,8.78, -0.01,-0.13,-0.00
15:31:30.028 -> -0.40,-0.36,8.79, -0.01,-0.11,0.00
15:31:30.075 -> -0.44,-0.37,8.75, -0.01,-0.12,0.00
15:31:30.121 -> -0.40,-0.38,8.75, -0.01,-0.14,-0.00
15:31:30.215 -> -0.42,-0.36,8.75, -0.01,-0.14,-0.00
15:31:30.262 -> -0.40,-0.37,8.73, -0.01,-0.14,-0.01
15:31:30.309 -> -0.41,-0.36,8.76, -0.02,-0.12,0.00
15:31:30.356 -> -0.45,-0.34,8.81, -0.01,-0.10,-0.02
15:31:30.403 -> -0.42,-0.36,8.74, -0.01,-0.15,0.00
15:31:30.449 -> -0.41,-0.34,8.76, -0.02,-0.13,0.00
15:31:30.496 -> -0.41,-0.35,8.73, -0.01,-0.15,0.00
15:31:30.543 -> -0.42,-0.37,8.79, -0.02,-0.12,0.00
15:31:30.590 -> -0.43,-0.38,8.78, -0.02,-0.14,-0.00
15:31:30.637 -> -0.40,-0.34,8.76, -0.02,-0.10,-0.01
15:31:30.684 -> -0.44,-0.35,8.74, -0.01,-0.11,-0.00
15:31:30.731 -> -0.44,-0.37,8.73, -0.01,-0.14,-0.00
15:31:30.777 -> -0.41,-0.36,8.76, -0.02,-0.13,0.00
15:31:30.824 -> -0.45,-0.35,8.78, -0.01,-0.14,0.00
15:31:30.871 -> -0.40,-0.37,8.75, -0.02,-0.13,0.00
15:31:30.965 -> -0.45,-0.37,8.76, -0.02,-0.14,0.00
15:31:31.012 -> -0.43,-0.36,8.78, -0.01,-0.15,-0.00
15:31:31.059 -> -0.37,-0.35,8.73, -0.01,-0.15,-0.01
15:31:31.106 -> -0.43,-0.35,8.77, -0.02,-0.12,0.00
15:31:31.152 -> -0.39,-0.38,8.74, -0.01,-0.13,0.00
15:31:31.199 -> -0.41,-0.37,8.78, -0.01,-0.13,0.00
15:31:31.246 -> -0.39,-0.37,8.75, -0.02,-0.13,0.00
15:31:31.293 -> -0.39,-0.36,8.73, -0.01,-0.13,0.00
15:31:31.340 -> -0.41,-0.37,8.75, -0.01,-0.13,0.00
15:31:31.387 -> -0.38,-0.35,8.73, -0.02,-0.12,0.00
15:31:31.434 -> -0.37,-0.39,8.71, -0.01,-0.12,-0.00
15:31:31.480 -> -0.42,-0.35,8.75, -0.01,-0.12,0.01
15:31:31.527 -> -0.43,-0.35,8.78, -0.01,-0.14,0.01
15:31:31.574 -> -0.43,-0.36,8.76, -0.02,-0.13,0.01
15:31:31.621 -> -0.43,-0.36,8.75, -0.01,-0.13,0.00
15:31:31.715 -> -0.42,-0.37,8.76, -0.01,-0.13,0.01
15:31:31.762 -> -0.45,-0.36,8.77, -0.01,-0.14,0.00
15:31:31.808 -> -0.42,-0.37,8.79, -0.02,-0.12,0.00
15:31:31.855 -> -0.42,-0.34,8.72, -0.02,-0.12,0.00
15:31:31.902 -> -0.42,-0.37,8.78, -0.01,-0.14,0.00
15:31:31.949 -> -0.43,-0.37,8.75, -0.01,-0.13,0.00
15:31:31.996 -> -0.40,-0.35,8.73, -0.02,-0.13,0.00
15:31:32.043 -> -0.42,-0.36,8.78, -0.02,-0.13,0.01
15:31:32.090 -> -0.44,-0.32,8.81, -0.02,-0.14,0.01
15:31:32.136 -> 0.01,-0.33,8.67, -0.02,-0.02,0.01
15:31:32.183 -> 0.65,-1.81,10.51, -0.33,-0.11,-0.37
15:31:32.230 -> -0.57,0.07,11.09, -1.17,-0.87,-0.97
15:31:32.277 -> 1.19,-0.20,10.55, 0.47,0.07,-0.06
15:31:32.324 -> 0.53,-0.68,11.82, 0.32,0.28,0.13
15:31:32.371 -> 0.70,-0.11,10.98, 0.14,0.54,-0.37
15:31:32.465 -> 0.91,0.47,10.07, 0.52,0.27,-0.07
15:31:32.512 -> 0.81,-1.25,9.31, 0.30,0.11,0.04
15:31:32.559 -> -0.29,0.31,9.45, -0.07,0.40,-0.21
15:31:32.606 -> 0.00,-0.79,8.39, 0.12,0.43,-0.00
15:31:32.653 -> -0.43,0.18,7.37, -0.19,0.31,-0.31
15:31:32.700 -> -0.42,-0.45,6.40, 0.08,0.14,-0.10
15:31:32.746 -> -0.83,0.18,5.99, 0.20,-0.11,-0.00
15:31:32.793 -> -0.57,-1.05,5.52, 0.35,-0.30,0.11
15:31:32.840 -> 0.26,-0.74,5.14, 0.13,-0.40,0.17
15:31:32.887 -> -1.16,1.26,6.04, -0.13,-0.49,0.15
15:31:32.934 -> -0.68,0.06,6.29, 0.00,-0.41,0.54
15:31:32.982 -> -1.88,0.50,6.68, 0.13,-0.60,0.61
15:31:33.029 -> -1.78,-0.13,7.83, -0.16,-0.36,0.45
15:31:33.076 -> -1.09,1.58,8.98, 0.01,-0.37,0.42
15:31:33.123 -> -1.85,0.77,9.43, -0.34,-0.61,0.26
15:31:33.170 -> -1.90,0.38,9.93, 0.31,-0.30,0.63
15:31:33.264 -> -2.51,-0.49,10.61, -0.02,-0.35,0.47
15:31:33.311 -> -2.27,0.88,9.56, -0.31,-0.26,0.10
15:31:33.358 -> -1.29,0.07,9.65, -0.13,-0.23,-0.00
15:31:33.404 -> -1.24,1.08,10.34, 0.20,-0.06,0.02
15:31:33.451 -> -1.15,-0.28,9.96, -0.17,-0.13,-0.10
15:31:33.498 -> -0.22,-0.37,8.74, -0.66,1.43,-0.24
15:31:33.545 -> -1.12,0.38,9.26, -0.73,-0.09,-0.21
15:31:33.592 -> -0.62,-0.30,8.77, -0.03,-0.16,0.04
15:31:33.639 -> -0.50,-0.32,8.74, 0.07,-0.23,-0.34
15:31:33.686 -> -0.44,-0.36,8.73, 0.06,-0.23,-0.05
15:31:33.733 -> -0.55,-0.55,8.84, 0.00,-0.16,-0.04
15:31:33.780 -> -0.28,-0.33,8.73, -0.00,-0.12,-0.08
15:31:33.827 -> -0.47,-0.43,8.76, 0.02,-0.09,-0.05
15:31:33.873 -> -0.37,-0.37,8.67, 0.02,-0.11,-0.06
15:31:33.920 -> -0.46,-0.39,8.72, 0.01,-0.12,0.01
15:31:34.014 -> -0.47,-0.38,8.75, -0.01,-0.13,0.00
15:31:34.061 -> -0.43,-0.37,8.69, -0.02,-0.13,-0.02
15:31:34.108 -> -0.49,-0.40,8.78, -0.02,-0.14,-0.01
15:31:34.155 -> -0.51,-0.74,8.69, 0.01,-0.14,-0.22
15:31:34.201 -> -0.47,-0.11,8.86, 0.04,-0.14,-0.14
15:31:34.248 -> -0.52,-0.46,8.78, 0.02,-0.14,-0.31
15:31:34.295 -> -0.38,-0.15,8.74, 0.02,-0.13,-0.19
15:31:34.342 -> -0.43,-0.38,8.77, -0.01,-0.13,-0.02
15:31:34.389 -> -0.45,-0.39,8.73, -0.02,-0.12,-0.03
15:31:34.436 -> -0.46,-0.37,8.79, -0.01,-0.12,-0.02
15:31:34.483 -> -0.48,-0.39,8.76, -0.01,-0.13,0.00
15:31:34.529 -> -0.43,-0.36,8.74, -0.01,-0.13,0.00
15:31:34.576 -> -0.46,-0.38,8.76, -0.01,-0.13,0.01
15:31:34.623 -> -0.46,-0.36,8.74, -0.02,-0.12,0.00
15:31:34.670 -> -0.46,-0.36,8.80, -0.01,-0.12,0.01
15:31:34.764 -> -0.46,-0.40,8.75, -0.02,-0.13,0.00
15:31:34.811 -> -0.47,-0.36,8.82, -0.02,-0.14,-0.00
15:31:34.858 -> -0.47,-0.38,8.78, -0.02,-0.13,-0.00
15:31:34.905 -> -0.44,-0.37,8.73, -0.02,-0.13,0.00
15:31:34.951 -> -0.43,-0.36,8.74, -0.01,-0.14,0.00
15:31:34.998 -> -0.46,-0.38,8.77, -0.01,-0.13,0.00
15:31:35.045 -> -0.45,-0.35,8.75, -0.01,-0.13,0.00
15:31:35.092 -> -0.44,-0.36,8.75, -0.01,-0.13,0.01
15:31:35.139 -> -0.46,-0.38,8.77, -0.01,-0.13,0.01
15:31:35.186 -> -0.45,-0.36,8.75, -0.01,-0.13,0.00
15:31:35.233 -> -0.43,-0.38,8.71, -0.01,-0.13,0.00
15:31:35.279 -> -0.45,-0.35,8.75, -0.01,-0.13,0.00
15:31:35.326 -> -0.45,-0.35,8.77, -0.01,-0.13,0.01
15:31:35.373 -> -0.47,-0.35,8.75, -0.02,-0.12,0.01
15:31:35.420 -> -0.45,-0.35,8.74, -0.01,-0.12,0.03
15:31:35.514 -> -0.47,-0.38,8.75, -0.02,-0.13,-0.00
15:31:35.561 -> -0.48,-0.35,8.78, -0.02,-0.14,-0.01
15:31:35.608 -> -0.44,-0.38,8.76, -0.01,-0.13,0.00
15:31:35.655 -> -0.45,-0.38,8.73, -0.02,-0.13,-0.02
15:31:35.701 -> -0.45,-0.37,8.75, -0.01,-0.14,0.00
15:31:35.748 -> -0.45,-0.36,8.77, -0.01,-0.12,0.03
15:31:35.795 -> -0.44,-0.36,8.74, -0.03,-0.12,0.03
15:31:35.842 -> -0.48,-0.39,8.76, -0.02,-0.12,0.00
15:31:35.889 -> -0.47,-0.38,8.75, -0.02,-0.14,0.00
15:31:35.936 -> -0.47,-0.39,8.77, -0.01,-0.13,-0.00
15:31:35.983 -> -0.45,-0.38,8.73, -0.01,-0.14,0.01
15:31:36.029 -> -0.44,-0.37,8.74, -0.02,-0.13,0.01
15:31:36.076 -> -0.46,-0.38,8.72, -0.01,-0.13,0.00
15:31:36.123 -> -0.47,-0.38,8.76, -0.01,-0.14,-0.00
15:31:36.170 -> -0.46,-0.39,8.75, -0.01,-0.14,0.00
15:31:36.264 -> -0.44,-0.36,8.71, -0.02,-0.13,0.00
15:31:36.311 -> -0.45,-0.36,8.74, -0.02,-0.13,0.00
15:31:36.358 -> -0.49,-0.38,8.78, -0.01,-0.13,0.01
15:31:36.405 -> -0.45,-0.43,8.72, -0.01,-0.13,-0.00
15:31:36.452 -> -0.47,-0.38,8.74, -0.02,-0.13,0.01
15:31:36.499 -> -0.45,-0.38,8.76, -0.01,-0.13,0.00
15:31:36.545 -> -0.44,-0.35,8.75, -0.01,-0.13,0.00
15:31:36.592 -> -0.46,-0.38,8.76, -0.01,-0.13,0.00
15:31:36.639 -> -0.44,-0.36,8.77, -0.02,-0.13,0.00
15:31:36.686 -> -0.49,-0.37,8.78, -0.01,-0.13,0.00
15:31:36.733 -> -0.48,-0.39,8.74, -0.01,-0.12,0.01
15:31:36.780 -> -0.45,-0.36,8.74, -0.01,-0.14,0.00
15:31:36.827 -> -0.48,-0.36,8.75, -0.02,-0.13,0.01
15:31:36.873 -> -0.46,-0.41,8.77, -0.01,-0.13,0.00
15:31:36.920 -> -0.46,-0.37,8.77, -0.01,-0.13,0.00
15:31:37.014 -> 0.34,0.76,8.56, -0.13,-0.03,0.22
15:31:37.061 -> -2.05,0.55,9.02, -0.08,-0.08,0.22
15:31:37.108 -> -1.04,0.90,10.32, 0.02,-0.25,0.01
15:31:37.155 -> -3.77,-1.25,11.52, 0.58,-0.53,0.52
15:31:37.202 -> -2.75,-1.54,11.82, 0.18,0.41,0.49
15:31:37.248 -> -2.31,0.28,10.53, -0.25,0.61,0.48
15:31:37.295 -> -2.90,0.72,10.36, -0.19,0.19,0.05
15:31:37.342 -> -1.92,0.80,9.14, -0.22,0.16,-0.23
15:31:37.389 -> -2.14,-0.09,8.04, -0.31,0.23,-0.00
15:31:37.436 -> -2.34,-0.60,7.15, -0.16,1.02,-0.41
15:31:37.483 -> -2.18,0.08,6.10, -0.22,0.48,-0.63
15:31:37.530 -> -2.22,-0.53,5.87, 0.02,0.04,-0.25
15:31:37.576 -> -1.18,-0.57,4.40, 0.48,-0.16,-0.06
15:31:37.623 -> -1.78,-1.08,5.24, 0.33,-0.65,-0.09
15:31:37.670 -> 0.25,-0.84,6.39, 0.66,-0.73,0.56
15:31:37.764 -> -0.75,-0.72,7.21, 0.42,-0.95,0.46
15:31:37.811 -> 1.14,-0.43,7.16, -0.26,-0.52,0.51
15:31:37.858 -> -0.85,0.77,8.08, -0.39,-0.48,0.51
15:31:37.904 -> 1.88,-0.79,8.69, -0.23,-0.42,0.25
15:31:37.953 -> 0.32,1.38,8.15, -0.79,-0.65,-0.40
15:31:37.999 -> 1.06,-1.22,10.07, -0.31,-0.35,0.40
15:31:38.046 -> 1.52,-1.76,9.19, -0.76,-0.03,-0.40
15:31:38.093 -> 1.38,-1.38,9.49, -0.15,-0.20,0.29
15:31:38.140 -> 0.26,-1.69,10.95, -0.09,0.04,-0.01
15:31:38.188 -> 0.83,-0.79,10.40, -0.25,-0.35,-0.11
15:31:38.235 -> 0.28,-1.02,9.64, 0.31,-0.32,0.14
15:31:38.282 -> -2.16,-2.14,11.36, 0.31,0.23,0.63
15:31:38.328 -> -0.05,0.49,8.99, -0.11,-0.15,-0.13
15:31:38.375 -> -0.21,-0.27,8.82, -0.03,-0.16,-0.10
15:31:38.422 -> -0.62,0.94,9.32, -0.07,-0.26,0.33
15:31:38.516 -> -0.30,-0.73,8.54, 0.02,-0.03,0.17
15:31:38.563 -> -0.37,-0.41,8.66, -0.02,-0.22,0.20
15:31:38.610 -> -0.27,-0.30,8.60, -0.02,-0.16,0.45
15:31:38.657 -> -0.53,0.10,8.92, -0.04,-0.14,0.42
15:31:38.703 -> -0.45,-0.17,8.79, -0.04,-0.06,0.62
15:31:38.750 -> -0.40,-0.54,8.67, 0.01,-0.24,0.32
15:31:38.797 -> -0.46,-0.18,8.94, -0.07,-0.05,0.18
15:31:38.844 -> -0.45,-0.47,8.80, -0.04,-0.19,0.35
15:31:38.891 -> -0.53,-0.34,8.92, -0.04,-0.02,0.50
15:31:38.938 -> -0.34,-0.49,8.77, -0.05,-0.16,0.32
15:31:38.985 -> -0.45,-0.65,8.79, -0.00,-0.25,0.27
15:31:39.031 -> -0.31,0.11,8.75, -0.05,-0.04,0.13
15:31:39.078 -> -0.36,-0.60,8.64, -0.05,-0.11,0.31
15:31:39.125 -> -0.40,-0.23,8.75, 0.00,-0.14,0.07
15:31:39.172 -> -0.52,-0.15,8.83, -0.02,-0.16,0.39
15:31:39.266 -> -0.38,0.07,8.71, -0.08,-0.11,0.33
15:31:39.313 -> -0.48,-0.31,8.82, -0.04,-0.10,0.14
15:31:39.360 -> -0.40,-0.37,8.75, 0.01,-0.17,0.02
15:31:39.407 -> -0.43,-0.28,8.79, -0.00,-0.13,-0.00
15:31:39.453 -> -0.46,-0.39,8.75, 0.00,-0.16,-0.10
15:31:39.500 -> -0.34,-0.21,8.70, 0.00,-0.15,-0.04
15:31:39.547 -> -0.44,-0.22,8.75, 0.03,-0.16,-0.12
15:31:39.594 -> -0.38,-0.10,8.74, -0.00,-0.12,-0.02
15:31:39.641 -> -0.40,-0.30,8.76, -0.01,-0.11,-0.04
15:31:39.688 -> -0.45,-0.08,8.76, -0.01,-0.12,-0.05
15:31:39.735 -> -0.41,-0.27,8.77, -0.00,-0.12,-0.07
15:31:39.781 -> -0.47,-0.12,8.76, -0.01,-0.13,0.00
15:31:39.828 -> -0.42,-0.19,8.73, -0.02,-0.12,-0.01
15:31:39.875 -> -0.44,-0.27,8.72, -0.05,-0.11,0.00
15:31:39.922 -> -0.45,-0.26,8.80, -0.03,-0.12,0.01
15:31:40.016 -> -0.44,-0.27,8.76, -0.02,-0.13,0.00
15:31:40.063 -> -0.42,-0.24,8.72, -0.02,-0.13,0.00
15:31:40.110 -> -0.45,-0.26,8.76, -0.02,-0.13,0.00
15:31:40.156 -> -0.46,-0.25,8.75, -0.02,-0.13,0.00
15:31:40.203 -> -0.43,-0.28,8.74, -0.02,-0.13,0.00
15:31:40.250 -> -0.44,-0.26,8.72, -0.02,-0.13,0.00
15:31:40.297 -> -0.45,-0.25,8.77, -0.01,-0.13,0.00
15:31:40.344 -> -0.47,-0.27,8.76, -0.02,-0.13,-0.00
15:31:40.391 -> -0.40,-0.25,8.73, -0.02,-0.14,-0.01
15:31:40.438 -> -0.44,-0.24,8.75, -0.03,-0.12,0.00
15:31:40.484 -> -0.43,-0.27,8.76, -0.01,-0.14,0.00
15:31:40.531 -> -0.43,-0.27,8.73, -0.01,-0.13,0.00
15:31:40.578 -> -0.44,-0.27,8.75, -0.02,-0.12,0.00
15:31:40.625 -> -0.47,-0.29,8.77, -0.01,-0.13,-0.00
15:31:40.672 -> -0.46,-0.28,8.79, -0.02,-0.13,0.00
15:31:40.766 -> -0.45,-0.27,8.76, -0.01,-0.14,0.00
15:31:40.812 -> -0.46,-0.32,8.72, -0.02,-0.14,-0.02
15:31:40.859 -> -0.40,-0.25,8.73, -0.02,-0.13,-0.03
15:31:40.907 -> -0.45,-0.26,8.77, -0.02,-0.14,-0.00
15:31:40.954 -> -0.45,-0.29,8.73, -0.01,-0.13,-0.00
15:31:41.001 -> -0.46,-0.29,8.77, -0.02,-0.15,-0.03
15:31:41.047 -> -0.40,-0.28,8.76, -0.01,-0.13,-0.01
15:31:41.094 -> -0.46,-0.30,8.79, -0.02,-0.12,0.00
15:31:41.141 -> -0.44,-0.31,8.75, -0.01,-0.13,0.00
15:31:41.188 -> -0.46,-0.27,8.78, -0.01,-0.13,0.01
15:31:41.235 -> -0.43,-0.31,8.81, -0.02,-0.13,-0.01
15:31:41.282 -> -0.45,-0.25,8.77, -0.02,-0.13,0.00
15:31:41.329 -> -0.46,-0.24,8.76, -0.02,-0.13,0.00
15:31:41.376 -> -0.44,-0.28,8.76, -0.02,-0.13,0.00
15:31:41.422 -> -0.42,-0.29,8.76, -0.01,-0.14,0.00
15:31:41.516 -> -0.45,-0.30,8.75, -0.01,-0.13,-0.01
15:31:41.563 -> -0.48,-0.29,8.80, -0.02,-0.13,-0.02
15:31:41.610 -> -0.42,-0.30,8.75, -0.01,-0.13,-0.02
15:31:41.657 -> -0.44,-0.33,8.72, -0.01,-0.12,-0.00
15:31:41.704 -> -0.45,-0.23,8.77, -0.02,-0.13,0.02
15:31:41.750 -> -0.47,-0.38,8.71, -0.03,-0.15,-0.04
15:31:41.797 -> -0.45,-0.30,8.78, -0.04,-0.12,-0.01
15:31:41.844 -> -0.40,-0.38,8.67, -0.07,-0.12,0.01
15:31:41.891 -> -0.46,-0.38,8.83, -0.00,-0.11,-0.05
15:31:41.938 -> -0.36,-0.40,8.73, 0.03,-0.10,-0.11
15:31:41.985 -> 2.53,-0.61,9.88, 0.13,-0.31,-1.07
15:31:42.033 -> -1.17,1.12,13.68, 0.02,-1.06,-0.90
15:31:42.080 -> 0.65,-0.27,13.41, 0.96,0.52,-0.34
15:31:42.127 -> 1.23,0.65,12.13, 0.45,0.32,-0.50
15:31:42.174 -> 2.63,-0.72,8.99, -0.12,-0.02,-0.24
15:31:42.221 -> 0.74,-0.65,7.58, 0.39,-0.05,-0.42
15:31:42.314 -> 0.79,-0.63,7.79, 0.55,0.74,-0.83
15:31:42.361 -> -0.11,0.36,7.65, 0.03,0.39,-0.49
15:31:42.408 -> -0.97,-0.27,6.73, 0.05,0.13,-0.11
15:31:42.455 -> -0.20,0.74,5.74, -0.16,-0.15,-0.04
15:31:42.502 -> 0.05,0.96,5.71, -0.12,-0.16,-0.22
15:31:42.549 -> -0.55,0.32,5.58, -0.13,-0.26,-0.05
15:31:42.596 -> -1.36,-0.14,6.14, -0.38,-0.35,-0.23
15:31:42.643 -> -0.63,-0.08,5.85, 0.05,-0.12,0.13
15:31:42.689 -> -1.25,1.03,5.77, 0.12,-0.41,0.13
15:31:42.736 -> -2.91,1.09,6.43, -0.03,-0.42,0.27
15:31:42.783 -> -2.77,1.58,8.73, 0.04,-1.00,0.30
15:31:42.830 -> -3.10,0.45,10.30, 0.17,-0.49,0.45
15:31:42.877 -> -2.45,1.53,10.66, -0.08,-0.46,0.15
15:31:42.924 -> -1.61,0.25,10.79, 0.11,-0.43,0.07
15:31:42.970 -> -1.70,0.54,10.65, -0.34,-0.14,-0.21
15:31:43.064 -> -0.95,1.00,9.17, -0.07,-0.08,-0.07
15:31:43.111 -> -0.59,0.55,9.46, -0.20,-0.24,-0.42
15:31:43.158 -> -2.78,-0.12,12.92, -1.55,0.77,-0.99
15:31:43.205 -> -0.35,-0.15,9.15, -0.21,-0.07,0.16
15:31:43.252 -> -0.48,-0.87,8.70, 0.01,-0.12,-0.01
15:31:43.299 -> -0.30,-0.33,8.64, 0.04,-0.12,-0.15
15:31:43.345 -> -0.39,-0.69,8.71, 0.07,-0.05,-0.04
15:31:43.392 -> -0.45,-0.42,8.69, 0.10,-0.05,-0.41
15:31:43.439 -> -0.34,-0.16,8.60, -0.00,-0.12,-0.33
15:31:43.486 -> -0.44,-0.82,8.54, 0.00,-0.12,-0.42
15:31:43.533 -> -0.42,-0.33,8.71, 0.06,-0.10,-0.62
15:31:43.580 -> -0.42,-0.16,8.82, 0.03,-0.12,-0.36
15:31:43.627 -> -0.41,-0.28,8.80, -0.01,-0.13,-0.08
15:31:43.673 -> -0.47,-0.38,8.74, -0.01,-0.13,-0.02
15:31:43.720 -> -0.45,-0.37,8.75, -0.00,-0.13,-0.03
15:31:43.814 -> -0.47,-0.40,8.77, -0.00,-0.13,-0.04
15:31:43.861 -> -0.45,-0.39,8.76, -0.01,-0.13,-0.04
15:31:43.908 -> -0.45,-0.39,8.76, -0.00,-0.13,-0.05
15:31:43.955 -> -0.46,-0.36,8.73, -0.01,-0.13,-0.05
15:31:44.002 -> -0.45,-0.38,8.74, -0.01,-0.13,-0.02
15:31:44.048 -> -0.43,-0.34,8.76, -0.01,-0.13,-0.02
15:31:44.095 -> -0.45,-0.39,8.75, -0.01,-0.13,-0.01
15:31:44.142 -> -0.46,-0.38,8.77, -0.01,-0.13,-0.00
15:31:44.189 -> -0.45,-0.41,8.76, -0.01,-0.13,-0.00
15:31:44.236 -> -0.43,-0.37,8.76, -0.01,-0.13,-0.02
15:31:44.283 -> -0.41,-0.35,8.72, -0.01,-0.13,-0.01
15:31:44.330 -> -0.50,-0.41,8.74, -0.01,-0.13,-0.02
15:31:44.376 -> -0.44,-0.38,8.74, -0.01,-0.13,-0.01
15:31:44.423 -> -0.45,-0.41,8.73, -0.01,-0.13,-0.00
15:31:44.470 -> -0.46,-0.37,8.76, -0.01,-0.13,0.00
15:31:44.564 -> -0.45,-0.36,8.71, -0.01,-0.13,0.00
15:31:44.611 -> -0.43,-0.36,8.75, -0.01,-0.13,0.00
15:31:44.659 -> -0.48,-0.38,8.76, -0.01,-0.13,-0.00
15:31:44.706 -> -0.46,-0.38,8.76, -0.01,-0.13,-0.00
15:31:44.753 -> -0.46,-0.37,8.77, -0.01,-0.13,-0.00
15:31:44.799 -> -0.46,-0.38,8.76, -0.01,-0.13,0.00
15:31:44.846 -> -0.43,-0.36,8.72, -0.01,-0.13,0.00
15:31:44.893 -> -0.46,-0.37,8.75, -0.01,-0.13,0.00
15:31:44.940 -> -0.45,-0.35,8.73, -0.01,-0.13,0.00
15:31:44.987 -> -0.45,-0.37,8.74, -0.01,-0.13,0.00
15:31:45.034 -> -0.45,-0.38,8.76, -0.01,-0.13,0.00
15:31:45.081 -> -0.46,-0.36,8.77, -0.01,-0.13,0.00
15:31:45.128 -> -0.44,-0.38,8.72, -0.01,-0.13,0.00
15:31:45.174 -> -0.47,-0.38,8.74, -0.01,-0.13,0.00
15:31:45.221 -> -0.46,-0.35,8.74, -0.01,-0.13,0.00
15:31:45.315 -> -0.44,-0.36,8.72, -0.01,-0.13,0.00
15:31:45.362 -> -0.45,-0.34,8.76, -0.01,-0.13,0.00
15:31:45.409 -> -0.44,-0.38,8.78, -0.01,-0.13,0.00
15:31:45.456 -> -0.45,-0.37,8.77, -0.01,-0.13,0.00
15:31:45.502 -> -0.45,-0.38,8.76, -0.01,-0.13,0.00
15:31:45.549 -> -0.44,-0.37,8.74, -0.01,-0.13,0.00
15:31:45.596 -> -0.45,-0.37,8.75, -0.01,-0.13,0.00
15:31:45.643 -> -0.45,-0.36,8.76, -0.01,-0.13,0.00
15:31:45.690 -> -0.43,-0.35,8.77, -0.01,-0.13,0.00
15:31:45.737 -> -0.44,-0.35,8.72, -0.01,-0.13,0.00
15:31:45.783 -> -0.45,-0.37,8.79, -0.01,-0.13,0.00
15:31:45.831 -> -0.46,-0.37,8.76, -0.01,-0.13,0.00
15:31:45.877 -> -0.48,-0.36,8.74, -0.01,-0.13,0.00
15:31:45.924 -> -0.42,-0.35,8.77, -0.01,-0.13,0.00
15:31:45.971 -> -0.45,-0.37,8.77, -0.01,-0.13,0.00
15:31:46.065 -> -0.45,-0.35,8.74, -0.01,-0.13,0.00
15:31:46.112 -> -0.42,-0.35,8.75, -0.01,-0.13,0.00
15:31:46.158 -> -0.45,-0.37,8.74, -0.01,-0.13,0.00
15:31:46.205 -> -0.45,-0.36,8.76, -0.01,-0.13,0.00
15:31:46.252 -> -0.45,-0.35,8.75, -0.01,-0.13,0.00
15:31:46.299 -> -0.45,-0.38,8.75, -0.01,-0.13,0.00
15:31:46.346 -> -0.43,-0.38,8.73, -0.01,-0.13,0.00
15:31:46.393 -> -0.43,-0.36,8.75, -0.01,-0.13,0.00
15:31:46.440 -> -0.45,-0.36,8.77, -0.01,-0.13,0.00
15:31:46.487 -> -0.45,-0.36,8.75, -0.01,-0.13,0.00
15:31:46.533 -> -0.46,-0.36,8.75, -0.01,-0.13,0.00
15:31:46.580 -> -0.46,-0.37,8.76, -0.01,-0.13,0.00
15:31:46.627 -> -0.43,-0.36,8.78, -0.01,-0.13,0.00
15:31:46.676 -> -0.43,-0.37,8.76, -0.01,-0.13,0.00
15:31:46.722 -> -0.45,-0.36,8.77, -0.01,-0.13,0.00
15:31:46.816 -> -0.43,-0.35,8.78, -0.01,-0.13,0.00
15:31:46.863 -> -0.46,-0.37,8.75, -0.01,-0.13,0.00
15:31:46.910 -> -0.44,-0.36,8.75, -0.01,-0.13,0.00
15:31:46.958 -> -0.42,-0.36,8.73, -0.01,-0.13,0.00
15:31:47.005 -> -0.45,-0.36,8.76, -0.02,-0.13,-0.00
15:31:47.052 -> -0.45,-0.33,8.78, -0.02,-0.13,0.00
15:31:47.099 -> -0.45,-0.38,8.76, -0.01,-0.13,-0.00
15:31:47.146 -> -0.45,-0.36,8.77, -0.01,-0.13,0.00
15:31:47.193 -> -0.45,-0.37,8.76, -0.01,-0.13,0.00
15:31:47.241 -> -0.45,-0.38,8.77, -0.01,-0.13,0.01
15:31:47.288 -> -0.49,-0.39,8.75, -0.01,-0.13,0.01
15:31:47.335 -> -0.42,-0.33,8.76, -0.01,-0.13,0.01
15:31:47.382 -> -0.41,-0.30,8.74, -0.01,-0.13,0.00
15:31:47.429 -> -0.41,-0.33,8.75, -0.01,-0.13,-0.00
15:31:47.475 -> -0.46,-0.40,8.76, -0.01,-0.13,-0.01
15:31:47.522 -> -0.49,-0.38,8.76, -0.02,-0.13,-0.01
15:31:47.616 -> -0.46,-0.40,8.79, -0.01,-0.13,0.01
15:31:47.663 -> -0.39,-0.32,8.70, -0.01,-0.12,0.01
15:31:47.710 -> -0.46,-0.31,8.80, -0.05,-0.14,-0.02
15:31:47.757 -> -0.40,-0.34,8.74, -0.02,-0.13,0.00
15:31:47.803 -> -0.46,-0.38,8.77, -0.01,-0.13,-0.00
15:31:47.850 -> -0.48,-0.39,8.74, -0.01,-0.13,-0.00
15:31:47.897 -> -0.45,-0.36,8.76, -0.02,-0.13,0.00
15:31:47.944 -> -0.45,-0.35,8.76, -0.01,-0.13,0.00
15:31:47.991 -> -0.44,-0.36,8.75, -0.02,-0.13,-0.01
15:31:48.038 -> -0.45,-0.30,8.77, -0.02,-0.11,-0.10
15:31:48.085 -> -0.41,-0.31,8.67, 0.05,-0.18,0.01
15:31:48.132 -> -0.40,-0.38,8.70, -0.00,-0.12,0.02
15:31:48.178 -> -0.48,-0.42,8.80, -0.05,-0.14,-0.02
15:31:48.225 -> -0.43,-0.31,8.72, -0.02,-0.12,0.00
15:31:48.272 -> -0.42,-0.27,8.76, 0.04,-0.13,0.04
15:31:48.366 -> -0.49,-0.38,8.78, -0.02,-0.13,0.00
15:31:48.413 -> -0.43,-0.34,8.74, -0.03,-0.13,-0.01
15:31:48.460 -> -0.43,-0.33,8.76, 0.00,-0.13,0.01
15:31:48.506 -> -0.47,-0.42,8.77, -0.02,-0.14,-0.00
15:31:48.553 -> -0.45,-0.31,8.74, -0.03,-0.13,-0.02
15:31:48.600 -> -0.39,-0.32,8.76, -0.02,-0.13,0.00
15:31:48.647 -> -0.43,-0.29,8.73, 0.04,-0.13,0.03
15:31:48.694 -> -0.46,-0.33,8.78, 0.00,-0.13,0.02
15:31:48.741 -> -0.44,-0.38,8.64, -0.01,-0.13,0.00
15:31:48.787 -> -0.42,-0.40,8.77, -0.02,-0.13,-0.00
15:31:48.835 -> -0.45,-0.37,8.74, -0.02,-0.13,-0.00
15:31:48.881 -> -0.47,-0.37,8.73, -0.03,-0.14,-0.02
15:31:48.928 -> -0.43,-0.27,8.70, -0.01,-0.13,0.00
15:31:48.975 -> -0.42,-0.34,8.73, -0.01,-0.12,0.01
15:31:49.022 -> 0.63,0.47,8.83, -0.16,0.11,0.25
15:31:49.116 -> -1.34,-1.28,8.80, -0.10,-0.08,0.26
15:31:49.163 -> -0.57,-0.48,8.80, -0.04,-0.15,0.02
15:31:49.209 -> -0.50,-0.43,8.70, 0.00,-0.19,0.01
15:31:49.256 -> -0.51,-0.50,8.80, 0.02,-0.14,-0.07
15:31:49.303 -> -0.52,-0.42,8.77, 0.03,-0.18,-0.00
15:31:49.350 -> -0.47,-0.37,8.72, 0.04,-0.15,-0.01
15:31:49.397 -> -0.44,-0.32,8.80, 0.01,-0.15,-0.01
15:31:49.444 -> -0.45,-0.37,8.76, -0.02,-0.14,-0.03
15:31:49.491 -> -0.45,-0.38,8.70, 0.00,-0.11,-0.01
15:31:49.537 -> -0.45,-0.34,8.76, -0.01,-0.13,0.01
15:31:49.584 -> -0.47,-0.37,8.74, -0.01,-0.13,0.00
15:31:49.631 -> -0.50,-0.38,8.76, -0.02,-0.15,-0.01
15:31:49.678 -> -0.47,-0.40,8.78, -0.01,-0.13,-0.03
15:31:49.725 -> -0.45,-0.38,8.77, -0.01,-0.13,-0.01
15:31:49.772 -> -0.43,-0.32,8.77, -0.01,-0.13,-0.00
15:31:49.867 -> -0.42,-0.36,8.76, -0.01,-0.13,0.00
15:31:49.914 -> -0.45,-0.39,8.73, -0.01,-0.13,-0.00
15:31:49.961 -> -0.46,-0.38,8.76, -0.01,-0.13,-0.00
15:31:50.007 -> -0.45,-0.39,8.74, -0.01,-0.13,0.00
15:31:50.055 -> -0.45,-0.35,8.74, -0.01,-0.13,0.00
15:31:50.102 -> -0.47,-0.37,8.74, -0.01,-0.13,0.00
15:31:50.149 -> -0.44,-0.33,8.76, -0.00,-0.14,-0.00
15:31:50.196 -> -0.42,-0.35,8.74, -0.01,-0.13,-0.03
15:31:50.242 -> -0.51,-0.40,8.75, -0.01,-0.13,-0.03
15:31:50.289 -> -0.42,-0.38,8.71, -0.01,-0.13,-0.01
15:31:50.336 -> -0.44,-0.39,8.72, -0.01,-0.13,-0.00
15:31:50.383 -> -0.43,-0.37,8.75, -0.01,-0.13,-0.00
15:31:50.430 -> -0.44,-0.38,8.76, -0.01,-0.13,-0.00
15:31:50.477 -> -0.45,-0.38,8.75, -0.01,-0.13,0.00
15:31:50.523 -> -0.47,-0.37,8.76, -0.01,-0.13,0.00
15:31:50.570 -> -0.45,-0.38,8.76, -0.01,-0.13,0.01
15:31:50.664 -> -0.44,-0.35,8.75, -0.01,-0.13,0.01
15:31:50.711 -> -0.45,-0.43,8.81, -0.01,-0.13,0.01
15:31:50.758 -> -0.55,-0.49,8.93, -0.00,-0.13,0.01
15:31:50.805 -> -0.54,-0.08,9.15, -0.01,-0.13,-0.00
15:31:50.852 -> -0.29,-0.32,8.54, -0.01,-0.13,-0.00
15:31:50.899 -> -0.47,-0.34,8.68, -0.01,-0.13,-0.00
15:31:50.945 -> -0.37,-0.39,8.44, -0.01,-0.13,-0.00
15:31:50.992 -> -0.51,-0.44,8.95, -0.01,-0.13,0.00
15:31:51.039 -> -0.49,-0.34,8.83, -0.00,-0.13,0.00
15:31:51.086 -> -0.46,-0.13,8.62, -0.00,-0.13,-0.04
15:31:51.133 -> -0.36,-0.29,8.58, -0.02,-0.14,-0.01
15:31:51.180 -> -0.57,-0.46,8.38, -0.01,-0.13,-0.14
15:31:51.228 -> -0.44,-0.22,8.63, -0.01,-0.13,-0.09
15:31:51.275 -> -0.32,-0.20,8.84, -0.00,-0.12,-0.32
15:31:51.322 -> -0.58,-0.78,8.24, -0.04,-0.14,-0.15
15:31:51.416 -> -1.09,-0.37,9.28, -0.04,-0.12,-0.05
15:31:51.463 -> -0.46,-0.35,8.69, -0.02,-0.13,-0.03
15:31:51.510 -> -0.51,-0.62,9.07, -0.03,-0.11,-0.07
15:31:51.557 -> -0.50,-0.16,8.55, -0.01,-0.14,-0.00
15:31:51.604 -> -0.46,-0.16,8.79, -0.02,-0.12,-0.01
15:31:51.651 -> -0.45,-0.33,8.69, -0.01,-0.13,0.01
15:31:51.698 -> -0.48,-0.40,8.81, -0.02,-0.13,-0.00
15:31:51.745 -> -0.45,-0.37,8.77, -0.01,-0.13,-0.00
15:31:51.791 -> -0.44,-0.41,8.77, -0.02,-0.13,-0.00
15:31:51.838 -> -0.45,-0.49,8.68, -0.00,-0.13,-0.06
15:31:51.885 -> -0.40,-0.13,8.70, 0.01,-0.12,-0.26
15:31:51.932 -> -0.45,-0.38,8.76, 0.00,-0.13,0.00
15:31:51.979 -> -0.45,-0.39,8.77, -0.02,-0.13,0.00
15:31:52.026 -> -0.46,-0.38,8.82, -0.02,-0.13,0.00
15:31:52.073 -> -0.45,-0.34,8.78, -0.02,-0.13,0.00
15:31:52.120 -> -0.46,-0.35,8.75, -0.01,-0.13,0.00
15:31:52.214 -> -0.45,-0.36,8.77, -0.02,-0.13,0.00
15:31:52.260 -> -0.46,-0.40,8.79, -0.02,-0.13,0.00
15:31:52.307 -> -0.44,-0.40,8.77, -0.01,-0.13,0.00
15:31:52.354 -> -0.44,-0.36,8.71, -0.02,-0.13,0.00
15:31:52.401 -> -0.47,-0.35,8.72, -0.01,-0.13,0.00
15:31:52.448 -> -0.45,-0.37,8.74, -0.01,-0.13,0.00
15:31:52.495 -> -0.43,-0.40,8.74, -0.01,-0.13,0.00
15:31:52.542 -> -0.45,-0.37,8.77, -0.02,-0.13,0.00
15:31:52.575 -> -0.45,-0.37,8.75, -0.01,-0.13,0.00
15:31:52.622 -> -0.45,-0.36,8.76, -0.01,-0.13,0.00
15:31:52.716 -> -0.43,-0.37,8.76, -0.01,-0.13,0.00
15:31:52.764 -> -0.45,-0.35,8.75, -0.01,-0.13,0.00
15:31:52.811 -> -0.44,-0.37,8.76, -0.01,-0.13,0.00
15:31:52.857 -> -0.45,-0.36,8.78, -0.01,-0.13,0.00
15:31:52.904 -> -0.47,-0.38,8.77, -0.01,-0.13,0.00
15:31:52.951 -> -0.43,-0.39,8.74, -0.01,-0.13,0.00
15:31:52.998 -> -0.47,-0.34,8.73, -0.02,-0.13,0.00
15:31:53.045 -> -0.45,-0.37,8.75, -0.01,-0.13,0.00
15:31:53.092 -> -0.47,-0.38,8.74, -0.02,-0.13,0.00
15:31:53.139 -> -0.44,-0.36,8.76, -0.01,-0.13,0.00
15:31:53.186 -> -0.44,-0.36,8.76, -0.01,-0.13,0.00
15:31:53.232 -> -0.45,-0.35,8.74, -0.01,-0.13,0.00
15:31:53.279 -> -0.45,-0.35,8.76, -0.02,-0.13,0.00
15:31:53.326 -> -0.46,-0.39,8.76, -0.01,-0.13,0.00
15:31:53.373 -> -0.44,-0.36,8.74, -0.02,-0.13,0.00
15:31:53.420 -> -0.47,-0.37,8.76, -0.01,-0.13,0.00
15:31:53.515 -> -0.45,-0.36,8.75, -0.01,-0.13,0.00
15:31:53.562 -> -0.45,-0.36,8.73, -0.01,-0.13,0.00
15:31:53.608 -> -0.44,-0.35,8.74, -0.02,-0.13,0.00
15:31:53.655 -> -0.45,-0.36,8.76, -0.01,-0.13,0.00
15:31:53.702 -> -0.45,-0.38,8.75, -0.01,-0.13,0.00
15:31:53.749 -> -0.45,-0.39,8.74, -0.00,-0.13,0.01
15:31:53.796 -> -0.44,-0.37,8.75, -0.02,-0.13,0.00
15:31:53.843 -> -0.44,-0.37,8.75, -0.01,-0.13,0.00
15:31:53.890 -> -0.45,-0.36,8.75, -0.01,-0.13,0.00
15:31:53.937 -> -0.46,-0.37,8.73, -0.01,-0.13,0.00
15:31:53.983 -> -0.45,-0.37,8.77, -0.02,-0.13,0.00
15:31:54.030 -> -0.45,-0.36,8.77, -0.01,-0.13,0.00
15:31:54.077 -> -0.45,-0.36,8.76, -0.01,-0.13,0.00
15:31:54.124 -> -0.45,-0.36,8.75, -0.01,-0.13,0.00
15:31:54.171 -> -0.45,-0.36,8.73, -0.01,-0.13,0.00
15:31:54.265 -> -0.45,-0.35,8.78, -0.01,-0.13,0.00
15:31:54.311 -> -0.43,-0.36,8.75, -0.02,-0.13,0.00
15:31:54.358 -> -0.44,-0.37,8.77, -0.01,-0.13,0.00
