16:04:45.091 -> -0.51,-0.38,8.75, -0.01,-0.13,0.00
16:04:45.139 -> -0.51,-0.36,8.72, -0.01,-0.12,0.00
16:04:45.185 -> -0.46,-0.35,8.69, -0.01,-0.12,0.00
16:04:45.232 -> -0.45,-0.34,8.67, -0.01,-0.13,0.00
16:04:45.326 -> -0.46,-0.34,8.74, -0.01,-0.13,0.00
16:04:45.373 -> -0.49,-0.36,8.72, -0.01,-0.13,0.00
16:04:45.420 -> -0.46,-0.35,8.71, -0.01,-0.13,0.01
16:04:45.467 -> -0.48,-0.36,8.69, -0.01,-0.13,0.00
16:04:45.515 -> -0.47,-0.36,8.72, -0.01,-0.13,0.00
16:04:45.561 -> -0.46,-0.36,8.72, -0.01,-0.13,0.00
16:04:45.608 -> -0.50,-0.35,8.76, -0.01,-0.13,0.00
16:04:45.655 -> -0.49,-0.37,8.75, -0.01,-0.13,0.00
16:04:45.702 -> -0.46,-0.36,8.70, -0.01,-0.13,0.00
16:04:45.749 -> -0.48,-0.36,8.72, -0.01,-0.13,0.00
16:04:45.796 -> -0.49,-0.37,8.74, -0.01,-0.13,0.00
16:04:45.843 -> -0.48,-0.35,8.73, -0.01,-0.13,0.00
16:04:45.890 -> -0.47,-0.35,8.73, -0.01,-0.13,0.00
16:04:45.937 -> -0.48,-0.35,8.72, -0.01,-0.13,0.00
16:04:45.984 -> -0.49,-0.37,8.70, -0.01,-0.13,0.00
16:04:46.031 -> -0.48,-0.34,8.73, -0.01,-0.13,0.00
16:04:46.124 -> -0.48,-0.36,8.70, -0.01,-0.13,0.00
16:04:46.171 -> -0.47,-0.37,8.70, -0.01,-0.13,0.00
16:04:46.218 -> -0.49,-0.34,8.71, -0.01,-0.13,0.00
16:04:46.265 -> -0.46,-0.35,8.71, -0.01,-0.13,0.00
16:04:46.314 -> -0.48,-0.37,8.71, -0.01,-0.13,0.00
16:04:46.361 -> -0.45,-0.35,8.72, -0.01,-0.13,0.00
16:04:46.407 -> -0.46,-0.36,8.72, -0.01,-0.13,0.00
16:04:46.454 -> -0.46,-0.37,8.71, -0.01,-0.13,0.00
16:04:46.502 -> -0.48,-0.35,8.73, -0.01,-0.13,0.00
16:04:46.549 -> -0.50,-0.37,8.71, -0.01,-0.13,0.00
16:04:46.596 -> -0.47,-0.36,8.74, -0.01,-0.13,0.00
16:04:46.644 -> -0.43,-0.35,8.69, -0.01,-0.13,0.01
16:04:46.691 -> -0.48,-0.38,8.71, -0.01,-0.13,0.00
16:04:46.737 -> -0.52,-0.37,8.78, -0.01,-0.13,0.00
16:04:46.784 -> -0.51,-0.35,8.74, -0.01,-0.13,0.00
16:04:46.832 -> -0.47,-0.36,8.72, -0.01,-0.13,0.00
16:04:46.927 -> -0.49,-0.35,8.72, -0.01,-0.13,0.00
16:04:46.974 -> -0.48,-0.37,8.73, -0.01,-0.13,0.00
16:04:47.021 -> -0.46,-0.38,8.72, -0.01,-0.13,0.00
16:04:47.069 -> -0.47,-0.36,8.71, -0.01,-0.13,0.00
16:04:47.115 -> -0.48,-0.37,8.73, -0.01,-0.13,0.00
16:04:47.162 -> -0.48,-0.35,8.72, -0.01,-0.13,0.00
16:04:47.209 -> -0.47,-0.36,8.74, -0.01,-0.13,0.00
16:04:47.256 -> -0.45,-0.35,8.76, -0.01,-0.13,0.00
16:04:47.303 -> -0.48,-0.36,8.71, -0.01,-0.13,0.00
16:04:47.350 -> -0.47,-0.38,8.69, -0.01,-0.13,0.00
16:04:47.397 -> -0.47,-0.37,8.73, -0.01,-0.13,0.00
16:04:47.444 -> -0.48,-0.36,8.71, -0.01,-0.13,0.00
16:04:47.490 -> -0.42,-0.37,8.75, -0.02,-0.13,0.01
16:04:47.537 -> -0.45,-0.36,8.73, -0.01,-0.13,0.00
16:04:47.584 -> -0.47,-0.35,8.74, -0.01,-0.13,0.00
16:04:47.631 -> -0.47,-0.37,8.72, -0.01,-0.13,0.00
16:04:47.725 -> -0.46,-0.35,8.71, -0.01,-0.13,0.00
16:04:47.772 -> -0.50,-0.35,8.69, -0.01,-0.13,0.00
16:04:47.818 -> -0.46,-0.36,8.75, -0.01,-0.13,0.00
16:04:47.865 -> -0.47,-0.35,8.71, -0.01,-0.13,0.00
16:04:47.912 -> -0.51,-0.35,8.73, -0.01,-0.13,0.00
16:04:47.959 -> -0.48,-0.37,8.73, -0.01,-0.13,0.00
16:04:48.006 -> -0.47,-0.35,8.71, -0.01,-0.13,0.00
16:04:48.053 -> -0.46,-0.37,8.72, -0.01,-0.13,0.00
16:04:48.100 -> -0.49,-0.37,8.73, -0.01,-0.13,0.00
16:04:48.146 -> -0.50,-0.36,8.72, -0.01,-0.13,0.00
16:04:48.193 -> -0.47,-0.36,8.74, -0.01,-0.13,0.00
16:04:48.241 -> -0.48,-0.34,8.71, -0.01,-0.13,0.00
16:04:48.288 -> -0.48,-0.35,8.71, -0.01,-0.13,0.00
16:04:48.335 -> -0.46,-0.34,8.71, -0.01,-0.13,0.00
16:04:48.382 -> -0.46,-0.37,8.73, -0.01,-0.13,0.00
16:04:48.477 -> -0.48,-0.36,8.71, -0.01,-0.13,0.00
16:04:48.524 -> -0.45,-0.38,8.72, -0.01,-0.13,0.00
16:04:48.571 -> -0.47,-0.36,8.71, -0.01,-0.13,0.00
16:04:48.617 -> -0.49,-0.37,8.73, -0.01,-0.13,0.00
16:04:48.664 -> -0.48,-0.36,8.72, -0.01,-0.13,0.00
16:04:48.711 -> -0.46,-0.36,8.73, -0.01,-0.13,0.00
16:04:48.758 -> -0.47,-0.35,8.74, -0.01,-0.13,0.00
16:04:48.805 -> -0.47,-0.36,8.73, -0.01,-0.13,0.00
16:04:48.852 -> -0.46,-0.35,8.75, -0.01,-0.13,0.00
16:04:48.899 -> -0.46,-0.36,8.74, -0.01,-0.13,0.00
16:04:48.945 -> -0.48,-0.34,8.72, -0.01,-0.13,0.00
16:04:48.992 -> -0.49,-0.36,8.72, -0.01,-0.13,0.00
16:04:49.039 -> -0.47,-0.35,8.72, -0.01,-0.13,0.00
16:04:49.086 -> -0.49,-0.34,8.72, -0.01,-0.13,0.00
16:04:49.133 -> -0.48,-0.35,8.73, -0.01,-0.13,0.00
16:04:49.227 -> -0.50,-0.34,8.73, -0.01,-0.13,0.00
16:04:49.274 -> -0.49,-0.34,8.70, -0.01,-0.13,0.00
16:04:49.320 -> -0.50,-0.35,8.73, -0.01,-0.13,0.00
16:04:49.367 -> -0.48,-0.35,8.73, -0.01,-0.13,0.00
16:04:49.414 -> -0.48,-0.35,8.71, -0.01,-0.13,0.00
16:04:49.461 -> -0.48,-0.35,8.72, -0.01,-0.13,0.00
16:04:49.508 -> -0.47,-0.36,8.70, -0.01,-0.13,0.00
16:04:49.555 -> -0.49,-0.37,8.70, -0.01,-0.13,0.00
16:04:49.603 -> -0.47,-0.34,8.70, -0.01,-0.13,0.00
16:04:49.650 -> -0.48,-0.34,8.74, -0.01,-0.13,0.00
16:04:49.697 -> -0.47,-0.36,8.72, -0.01,-0.13,0.00
16:04:49.744 -> -0.49,-0.36,8.73, -0.01,-0.13,0.00
16:04:49.791 -> -0.47,-0.34,8.73, -0.01,-0.13,0.00
16:04:49.838 -> -0.47,-0.36,8.72, -0.01,-0.13,0.00
16:04:49.885 -> -0.47,-0.36,8.69, -0.01,-0.13,0.00
16:04:49.932 -> -0.49,-0.35,8.72, -0.01,-0.13,0.00
16:04:50.026 -> -0.48,-0.35,8.72, -0.01,-0.13,0.00
16:04:50.073 -> -0.48,-0.35,8.71, -0.01,-0.13,0.00
16:04:50.119 -> -0.46,-0.36,8.73, -0.01,-0.13,0.00
16:04:50.166 -> -0.47,-0.36,8.73, -0.01,-0.13,0.00
16:04:50.213 -> -0.47,-0.36,8.72, -0.01,-0.13,0.00
16:04:50.260 -> -0.47,-0.36,8.73, -0.01,-0.13,0.00
16:04:50.307 -> -0.49,-0.36,8.72, -0.01,-0.13,0.00
16:04:50.354 -> -0.48,-0.34,8.71, -0.01,-0.13,0.00
16:04:50.401 -> -0.48,-0.34,8.75, -0.01,-0.13,0.00
16:04:50.447 -> -0.48,-0.35,8.71, -0.01,-0.13,0.00
16:04:50.494 -> -0.48,-0.35,8.72, -0.01,-0.13,0.00
16:04:50.541 -> -0.49,-0.36,8.71, -0.01,-0.13,0.00
16:04:50.588 -> -0.48,-0.37,8.71, -0.01,-0.13,0.00
16:04:50.635 -> -0.47,-0.34,8.71, -0.01,-0.13,0.00
16:04:50.682 -> -0.48,-0.35,8.75, -0.01,-0.13,0.00
16:04:50.776 -> -0.46,-0.35,8.72, -0.01,-0.13,0.00
16:04:50.815 -> -0.49,-0.34,8.73, -0.01,-0.13,0.00
16:04:50.862 -> -0.47,-0.36,8.71, -0.01,-0.13,0.00
16:04:50.908 -> -0.47,-0.35,8.71, -0.01,-0.13,0.00
16:04:50.955 -> -0.47,-0.34,8.72, -0.01,-0.13,0.00
16:04:51.002 -> -0.46,-0.37,8.71, -0.01,-0.13,0.00
16:04:51.050 -> -0.46,-0.34,8.73, -0.01,-0.13,0.00
16:04:51.097 -> -0.47,-0.34,8.69, -0.01,-0.13,0.00
16:04:51.144 -> -0.49,-0.35,8.71, -0.01,-0.13,0.00
16:04:51.191 -> -0.48,-0.36,8.73, -0.01,-0.13,0.00
16:04:51.237 -> -0.47,-0.36,8.75, -0.01,-0.13,0.00
16:04:51.284 -> -0.47,-0.36,8.76, -0.01,-0.13,0.00
16:04:51.331 -> -0.49,-0.34,8.72, -0.01,-0.13,0.00
16:04:51.425 -> -0.48,-0.34,8.72, -0.01,-0.13,0.00
16:04:51.472 -> -0.47,-0.34,8.71, -0.01,-0.13,0.00
16:04:51.520 -> -0.48,-0.37,8.71, -0.01,-0.13,0.00
16:04:51.567 -> -0.48,-0.37,8.74, -0.01,-0.13,0.00
16:04:51.615 -> -0.50,-0.34,8.74, -0.01,-0.13,0.00
16:04:51.662 -> -0.46,-0.35,8.73, -0.01,-0.13,0.00
16:04:51.709 -> -0.48,-0.36,8.71, -0.01,-0.13,0.00
16:04:51.756 -> -0.48,-0.34,8.74, -0.01,-0.13,0.00
16:04:51.803 -> -0.47,-0.35,8.70, -0.01,-0.13,0.00
16:04:51.850 -> -0.49,-0.35,8.72, -0.01,-0.13,0.00
16:04:51.897 -> -0.49,-0.34,8.74, -0.01,-0.13,0.00
16:04:51.944 -> -0.48,-0.35,8.72, -0.01,-0.13,0.00
16:04:51.991 -> -0.48,-0.35,8.74, -0.01,-0.13,0.00
16:04:52.038 -> -0.46,-0.36,8.72, 0.00,-0.13,0.01
16:04:52.085 -> -0.47,-0.34,8.71, -0.01,-0.13,0.00
16:04:52.132 -> -0.48,-0.35,8.75, -0.01,-0.13,0.00
16:04:52.225 -> -0.46,-0.35,8.70, -0.01,-0.13,0.00
16:04:52.272 -> -0.48,-0.36,8.74, -0.01,-0.13,0.00
16:04:52.319 -> -0.46,-0.36,8.71, -0.01,-0.13,0.00
16:04:52.366 -> -0.47,-0.34,8.75, -0.01,-0.13,0.00
16:04:52.413 -> -0.48,-0.34,8.72, -0.01,-0.13,0.00
16:04:52.460 -> -0.47,-0.36,8.74, -0.01,-0.13,0.00
16:04:52.507 -> -0.49,-0.35,8.72, -0.01,-0.13,0.00
16:04:52.553 -> -0.48,-0.35,8.72, -0.01,-0.13,0.00
16:04:52.600 -> -0.48,-0.34,8.71, -0.01,-0.13,0.00
16:04:52.647 -> -0.47,-0.35,8.75, -0.01,-0.13,0.00
16:04:52.694 -> -0.47,-0.34,8.71, -0.01,-0.13,0.00
16:04:52.741 -> -0.50,-0.36,8.71, -0.01,-0.13,0.00
16:04:52.788 -> -0.44,-0.34,8.73, -0.01,-0.13,0.00
16:04:52.834 -> -0.45,-0.36,8.74, -0.01,-0.13,0.00
16:04:52.881 -> -0.45,-0.34,8.75, -0.01,-0.13,0.00
16:04:52.975 -> -0.47,-0.35,8.72, -0.01,-0.13,0.00
16:04:53.022 -> -0.48,-0.35,8.73, -0.01,-0.13,0.00
16:04:53.069 -> -0.48,-0.36,8.74, -0.01,-0.13,0.00
16:04:53.116 -> -0.49,-0.36,8.72, -0.01,-0.13,0.00
16:04:53.163 -> -0.49,-0.34,8.71, -0.01,-0.13,0.00
16:04:53.210 -> -0.47,-0.36,8.74, -0.01,-0.13,0.00
16:04:53.256 -> -0.47,-0.35,8.70, -0.01,-0.13,0.00
16:04:53.303 -> -0.47,-0.35,8.71, -0.01,-0.13,0.00
16:04:53.350 -> -0.48,-0.36,8.73, -0.01,-0.13,0.00
16:04:53.397 -> -0.49,-0.34,8.72, -0.01,-0.13,0.00
16:04:53.444 -> -0.48,-0.34,8.73, -0.01,-0.13,0.00
16:04:53.491 -> -0.49,-0.34,8.72, -0.01,-0.13,0.00
16:04:53.538 -> -0.49,-0.33,8.71, -0.01,-0.13,0.00
16:04:53.584 -> -0.49,-0.35,8.72, -0.01,-0.13,0.00
16:04:53.631 -> -0.48,-0.34,8.73, -0.01,-0.13,0.00
16:04:53.725 -> -0.45,-0.36,8.73, -0.01,-0.13,0.00
16:04:53.772 -> -0.48,-0.34,8.72, -0.01,-0.13,0.00
16:04:53.820 -> -0.48,-0.35,8.71, -0.01,-0.13,0.00
16:04:53.867 -> -0.49,-0.34,8.71, -0.01,-0.13,0.00
16:04:53.914 -> -0.47,-0.34,8.73, -0.01,-0.13,0.00
16:04:53.961 -> -0.50,-0.36,8.74, -0.01,-0.13,0.00
16:04:54.007 -> -0.48,-0.36,8.72, -0.01,-0.13,0.00
16:04:54.054 -> -0.48,-0.33,8.72, -0.01,-0.13,0.00
16:04:54.101 -> -0.48,-0.35,8.74, -0.01,-0.13,0.00
16:04:54.148 -> -0.50,-0.35,8.71, -0.01,-0.13,0.00
16:04:54.195 -> -0.48,-0.34,8.73, -0.01,-0.13,0.00
16:04:54.242 -> -0.48,-0.34,8.71, -0.01,-0.13,0.00
16:04:54.289 -> -0.45,-0.34,8.71, -0.01,-0.13,0.00
16:04:54.335 -> -0.46,-0.35,8.70, -0.01,-0.13,0.00
16:04:54.382 -> -0.49,-0.34,8.75, -0.01,-0.13,0.00
16:04:54.476 -> -0.48,-0.34,8.71, -0.01,-0.13,0.00
16:04:54.523 -> -0.48,-0.35,8.73, -0.01,-0.13,0.00
16:04:54.570 -> -0.48,-0.35,8.74, -0.01,-0.13,0.00
16:04:54.616 -> -0.47,-0.34,8.74, -0.01,-0.13,0.00
16:04:54.664 -> -0.48,-0.34,8.75, -0.01,-0.13,0.00
16:04:54.710 -> -0.46,-0.34,8.74, -0.01,-0.13,0.00
16:04:54.757 -> -0.49,-0.35,8.73, -0.01,-0.13,0.00
16:04:54.804 -> -0.48,-0.35,8.72, -0.01,-0.13,0.00
16:04:54.851 -> -0.48,-0.32,8.71, -0.01,-0.13,0.00
16:04:54.898 -> -0.47,-0.34,8.70, -0.01,-0.13,0.00
16:04:54.945 -> -0.47,-0.35,8.74, -0.01,-0.13,0.00
16:04:54.992 -> -0.49,-0.35,8.72, -0.01,-0.13,0.00
16:04:55.038 -> -0.47,-0.34,8.72, -0.01,-0.13,0.00
16:04:55.085 -> -0.47,-0.34,8.72, -0.01,-0.13,0.00
16:04:55.132 -> -0.48,-0.36,8.73, -0.01,-0.13,0.00
16:04:55.226 -> -0.47,-0.35,8.72, -0.01,-0.13,0.00
16:04:55.273 -> -0.48,-0.34,8.73, -0.01,-0.13,0.00
16:04:55.320 -> -0.47,-0.34,8.73, -0.01,-0.13,0.00
16:04:55.366 -> -0.46,-0.34,8.73, -0.01,-0.13,0.00
16:04:55.413 -> -0.48,-0.35,8.70, -0.01,-0.13,0.00
16:04:55.460 -> -0.47,-0.34,8.70, -0.01,-0.13,0.00
16:04:55.507 -> -0.45,-0.34,8.71, -0.01,-0.13,0.00
16:04:55.554 -> -0.48,-0.35,8.70, -0.01,-0.13,0.00
16:04:55.601 -> -0.49,-0.36,8.74, -0.01,-0.13,0.00
16:04:55.648 -> -0.48,-0.34,8.74, -0.01,-0.13,0.00
16:04:55.695 -> -0.48,-0.34,8.72, -0.01,-0.13,0.00
16:04:55.741 -> -0.48,-0.37,8.75, -0.01,-0.13,0.00
16:04:55.788 -> -0.49,-0.35,8.73, -0.01,-0.13,0.00
16:04:55.835 -> -0.47,-0.33,8.69, -0.01,-0.13,0.00
16:04:55.882 -> -0.48,-0.35,8.73, -0.01,-0.13,0.00
16:04:55.976 -> -0.48,-0.34,8.78, -0.01,-0.13,0.00
16:04:56.023 -> -0.47,-0.35,8.72, -0.01,-0.13,0.00
16:04:56.069 -> -0.47,-0.34,8.71, -0.01,-0.13,0.00
16:04:56.116 -> -0.47,-0.34,8.72, -0.01,-0.13,0.00
16:04:56.163 -> -0.47,-0.36,8.73, -0.01,-0.13,0.00
16:04:56.210 -> -0.48,-0.34,8.69, -0.01,-0.13,0.00
16:04:56.257 -> -0.49,-0.33,8.71, -0.01,-0.13,0.00
16:04:56.304 -> -0.49,-0.34,8.73, -0.01,-0.13,0.00
16:04:56.351 -> -0.47,-0.35,8.74, -0.01,-0.13,0.00
16:04:56.398 -> -0.48,-0.36,8.75, -0.01,-0.13,0.00
16:04:56.444 -> -0.48,-0.34,8.73, -0.01,-0.13,0.00
16:04:56.491 -> -0.47,-0.34,8.74, -0.01,-0.13,0.00
16:04:56.538 -> -0.48,-0.36,8.74, -0.01,-0.13,0.00
16:04:56.585 -> -0.46,-0.35,8.73, -0.01,-0.13,0.00
16:04:56.633 -> -0.49,-0.36,8.72, -0.01,-0.13,0.00
16:04:56.727 -> -0.47,-0.35,8.73, -0.01,-0.13,0.00
16:04:56.774 -> -0.47,-0.34,8.74, -0.01,-0.13,0.00
16:04:56.822 -> -0.47,-0.33,8.75, -0.01,-0.13,0.00
16:04:56.868 -> -0.47,-0.34,8.74, -0.01,-0.13,0.00
16:04:56.916 -> -0.47,-0.36,8.71, -0.01,-0.13,0.00
16:04:56.963 -> -0.48,-0.34,8.71, -0.01,-0.13,0.00
16:04:57.010 -> -0.49,-0.35,8.72, -0.01,-0.13,0.00
16:04:57.057 -> -0.49,-0.34,8.71, -0.01,-0.13,0.00
16:04:57.104 -> -0.46,-0.34,8.75, -0.01,-0.13,0.00
16:04:57.152 -> -0.48,-0.34,8.73, -0.01,-0.13,0.00
16:04:57.198 -> -0.48,-0.36,8.73, -0.01,-0.13,0.00
16:04:57.245 -> -0.50,-0.35,8.71, -0.01,-0.13,0.00
16:04:57.292 -> -0.48,-0.34,8.74, -0.01,-0.13,0.00
16:04:57.339 -> -0.47,-0.35,8.72, -0.01,-0.13,0.00
16:04:57.386 -> -0.47,-0.34,8.73, -0.01,-0.13,0.00
16:04:57.433 -> -0.48,-0.36,8.72, -0.01,-0.13,0.00
16:04:57.526 -> -0.46,-0.36,8.73, -0.01,-0.13,0.00
16:04:57.573 -> -0.48,-0.34,8.72, -0.01,-0.13,0.00
16:04:57.620 -> -0.48,-0.35,8.73, -0.01,-0.13,0.00
16:04:57.667 -> -0.48,-0.34,8.70, -0.01,-0.13,0.00
16:04:57.714 -> -0.46,-0.35,8.72, -0.01,-0.13,0.00
16:04:57.761 -> -0.46,-0.34,8.72, -0.01,-0.13,0.00
16:04:57.808 -> -0.49,-0.35,8.73, -0.01,-0.13,0.00
16:04:57.855 -> -0.47,-0.36,8.71, -0.01,-0.13,0.00
16:04:57.902 -> -0.50,-0.35,8.73, -0.01,-0.13,0.00
16:04:57.949 -> -0.47,-0.35,8.75, -0.01,-0.13,0.00
16:04:57.996 -> -0.50,-0.34,8.74, -0.01,-0.13,0.00
16:04:58.042 -> -0.48,-0.32,8.74, -0.01,-0.13,0.00
16:04:58.089 -> -0.50,-0.34,8.71, -0.01,-0.13,0.00
16:04:58.136 -> -0.47,-0.34,8.70, -0.01,-0.13,0.00
16:04:58.183 -> -0.48,-0.38,8.71, -0.01,-0.13,0.00
16:04:58.277 -> -0.47,-0.34,8.70, -0.01,-0.13,0.00
16:04:58.324 -> -0.46,-0.34,8.74, -0.01,-0.13,0.00
16:04:58.370 -> -0.49,-0.35,8.71, -0.01,-0.13,0.00
16:04:58.417 -> -0.48,-0.37,8.71, -0.01,-0.13,0.00
16:04:58.465 -> -0.47,-0.34,8.72, -0.01,-0.13,0.00
16:04:58.512 -> -0.47,-0.36,8.74, -0.01,-0.13,0.00
16:04:58.558 -> -0.48,-0.34,8.74, -0.01,-0.13,0.00
16:04:58.605 -> -0.48,-0.33,8.70, -0.01,-0.13,0.00
16:04:58.652 -> -0.47,-0.34,8.71, -0.01,-0.13,0.00
16:04:58.699 -> -0.48,-0.34,8.70, -0.01,-0.13,0.00
16:04:58.746 -> -0.47,-0.35,8.75, -0.01,-0.13,0.00
16:04:58.793 -> -0.49,-0.35,8.74, -0.01,-0.13,0.00
16:04:58.840 -> -0.46,-0.34,8.71, -0.01,-0.13,0.00
16:04:58.886 -> -0.48,-0.35,8.73, -0.01,-0.13,0.00
16:04:58.933 -> -0.47,-0.33,8.74, -0.01,-0.13,0.00
16:04:59.027 -> -0.48,-0.34,8.74, -0.01,-0.13,0.00
16:04:59.074 -> -0.48,-0.35,8.73, -0.01,-0.13,0.00
16:04:59.121 -> -0.48,-0.36,8.71, -0.01,-0.13,0.00
16:04:59.168 -> -0.49,-0.34,8.73, -0.01,-0.13,0.00
16:04:59.215 -> -0.49,-0.34,8.73, -0.01,-0.13,0.00
16:04:59.261 -> -0.47,-0.35,8.72, -0.01,-0.13,0.00
16:04:59.308 -> -0.48,-0.34,8.72, -0.01,-0.13,0.00
16:04:59.355 -> -0.48,-0.35,8.75, -0.01,-0.13,0.00
16:04:59.402 -> -0.47,-0.36,8.71, -0.01,-0.13,0.00
16:04:59.449 -> -0.48,-0.35,8.73, -0.01,-0.13,0.00
16:04:59.496 -> -0.49,-0.34,8.74, -0.01,-0.13,0.00
16:04:59.543 -> -0.48,-0.35,8.75, -0.01,-0.13,0.00
16:04:59.589 -> -0.48,-0.35,8.73, -0.01,-0.13,0.00
16:04:59.636 -> -0.49,-0.34,8.72, -0.01,-0.13,0.00
16:04:59.683 -> -0.48,-0.34,8.73, -0.01,-0.13,0.00
16:04:59.777 -> -0.47,-0.34,8.74, -0.01,-0.13,0.00
16:04:59.824 -> -0.49,-0.35,8.73, -0.01,-0.13,0.00
16:04:59.871 -> -0.48,-0.35,8.71, -0.01,-0.13,0.00
16:04:59.918 -> -0.48,-0.35,8.70, -0.01,-0.13,0.00
16:04:59.965 -> -0.48,-0.36,8.71, -0.01,-0.13,0.00
16:05:00.011 -> -0.47,-0.34,8.72, -0.01,-0.13,0.00
16:05:00.058 -> -0.47,-0.36,8.73, -0.01,-0.13,0.00
16:05:00.105 -> -0.48,-0.35,8.72, -0.01,-0.13,0.00
16:05:00.152 -> -0.48,-0.34,8.71, -0.01,-0.13,0.00
16:05:00.199 -> -0.49,-0.34,8.74, -0.01,-0.13,0.00
16:05:00.246 -> -0.48,-0.35,8.73, -0.01,-0.13,0.00
16:05:00.293 -> -0.48,-0.35,8.75, -0.01,-0.13,0.00
16:05:00.339 -> -0.48,-0.34,8.71, -0.01,-0.13,0.00
16:05:00.386 -> -0.48,-0.34,8.71, -0.01,-0.13,0.00
16:05:00.433 -> -0.50,-0.34,8.73, -0.01,-0.13,0.00
16:05:00.527 -> -0.48,-0.35,8.74, -0.01,-0.13,0.00
16:05:00.574 -> -0.46,-0.34,8.73, -0.01,-0.13,0.00
16:05:00.621 -> -0.47,-0.34,8.73, -0.01,-0.13,0.00
16:05:00.668 -> -0.48,-0.33,8.73, -0.01,-0.13,0.00
16:05:00.701 -> -0.48,-0.34,8.73, -0.01,-0.13,0.00
16:05:00.748 -> -0.47,-0.34,8.74, -0.01,-0.13,0.00
16:05:00.795 -> -0.48,-0.34,8.70, -0.01,-0.13,0.00
16:05:00.842 -> -0.48,-0.36,8.72, -0.01,-0.13,0.00
16:05:00.889 -> -0.48,-0.35,8.74, -0.01,-0.13,0.00
16:05:00.936 -> -0.46,-0.36,8.71, -0.01,-0.13,0.00
16:05:00.983 -> -0.48,-0.35,8.74, -0.01,-0.13,0.00
16:05:01.031 -> -0.48,-0.34,8.73, -0.01,-0.13,0.00
16:05:01.125 -> -0.48,-0.35,8.71, -0.01,-0.13,0.00
16:05:01.172 -> -0.46,-0.34,8.72, -0.01,-0.13,0.00
16:05:01.220 -> -0.48,-0.35,8.75, -0.01,-0.13,0.00
16:05:01.267 -> -0.47,-0.34,8.74, -0.01,-0.13,0.00
16:05:01.314 -> -0.46,-0.34,8.72, -0.01,-0.13,0.00
16:05:01.350 -> -0.48,-0.34,8.71, -0.01,-0.13,0.00
16:05:01.396 -> -0.49,-0.35,8.72, -0.01,-0.13,0.00
16:05:01.443 -> -0.48,-0.34,8.70, -0.01,-0.13,0.00
16:05:01.490 -> -0.49,-0.33,8.72, -0.01,-0.13,0.00
16:05:01.537 -> -0.47,-0.34,8.74, -0.01,-0.13,0.00
16:05:01.584 -> -0.49,-0.34,8.74, -0.01,-0.13,0.00
16:05:01.631 -> -0.47,-0.34,8.73, -0.01,-0.13,0.00
16:05:01.724 -> -0.48,-0.35,8.72, -0.01,-0.13,0.00
16:05:01.771 -> -0.47,-0.34,8.70, -0.01,-0.13,0.00
16:05:01.818 -> -0.48,-0.36,8.73, -0.01,-0.13,0.00
16:05:01.865 -> -0.49,-0.35,8.73, -0.01,-0.13,0.00
16:05:01.912 -> -0.46,-0.34,8.71, -0.01,-0.13,0.00
16:05:01.959 -> -0.49,-0.35,8.70, -0.01,-0.13,0.00
16:05:02.007 -> -0.48,-0.34,8.73, -0.01,-0.13,0.00
16:05:02.054 -> -0.46,-0.34,8.73, -0.01,-0.13,0.00
16:05:02.101 -> -0.48,-0.35,8.71, -0.01,-0.13,0.00
16:05:02.148 -> -0.47,-0.34,8.71, -0.01,-0.13,0.00
16:05:02.195 -> -0.47,-0.33,8.73, -0.01,-0.13,0.00
16:05:02.242 -> -0.48,-0.34,8.73, -0.01,-0.13,0.00
16:05:02.288 -> -0.47,-0.36,8.74, -0.01,-0.13,0.00
16:05:02.335 -> -0.50,-0.34,8.74, -0.01,-0.13,0.00
16:05:02.382 -> -0.49,-0.35,8.72, -0.01,-0.13,0.00
16:05:02.476 -> -0.50,-0.34,8.72, -0.01,-0.13,0.00
16:05:02.523 -> -0.48,-0.34,8.73, -0.01,-0.13,0.00
16:05:02.570 -> -0.48,-0.33,8.72, -0.01,-0.13,0.00
16:05:02.617 -> -0.48,-0.35,8.73, -0.01,-0.13,0.00
16:05:02.651 -> -0.50,-0.34,8.71, -0.01,-0.13,0.00
16:05:02.698 -> -0.46,-0.34,8.70, -0.01,-0.13,0.00
16:05:02.745 -> -0.48,-0.35,8.70, -0.01,-0.13,0.00
16:05:02.792 -> -0.48,-0.35,8.73, -0.01,-0.13,0.00
16:05:02.839 -> -0.43,-0.32,8.73, -0.01,-0.13,0.00
16:05:02.886 -> -0.51,-0.35,8.77, -0.01,-0.13,0.00
16:05:02.982 -> -0.49,-0.34,8.73, -0.01,-0.13,0.00
16:05:03.029 -> -0.48,-0.34,8.74, -0.01,-0.13,0.00
16:05:03.076 -> -0.45,-0.33,8.71, -0.01,-0.13,0.00
16:05:03.123 -> -0.48,-0.33,8.73, -0.01,-0.13,0.00
16:05:03.170 -> -0.49,-0.34,8.75, -0.01,-0.13,0.00
16:05:03.217 -> -0.48,-0.34,8.72, -0.01,-0.13,0.00
16:05:03.306 -> -0.50,-0.34,8.72, -0.01,-0.12,0.00
16:05:03.306 -> -0.45,-0.36,8.69, -0.01,-0.13,0.00
16:05:03.525 -> -0.46,-0.37,8.70, -0.01,-0.13,0.00
16:05:03.525 -> -0.47,-0.35,8.69, -0.01,-0.13,0.00
16:05:03.525 -> -0.45,-0.33,8.72, -0.01,-0.13,0.00
16:05:03.525 -> -0.48,-0.37,8.72, -0.01,-0.13,0.00
16:05:03.541 -> -0.48,-0.34,8.73, -0.01,-0.13,0.00
16:05:03.588 -> -0.48,-0.35,8.69, -0.02,-0.13,0.00
16:05:03.634 -> -0.49,-0.34,8.74, -0.01,-0.12,0.00
16:05:03.682 -> -0.51,-0.34,8.72, -0.01,-0.13,0.00
16:05:03.776 -> -0.48,-0.33,8.73, -0.01,-0.13,0.00
16:05:03.823 -> -0.48,-0.34,8.73, -0.01,-0.13,0.00
16:05:03.870 -> -0.47,-0.36,8.72, -0.01,-0.13,0.00
16:05:03.916 -> -0.46,-0.33,8.72, -0.01,-0.13,0.00
16:05:03.963 -> -0.45,-0.33,8.71, -0.01,-0.13,0.00
16:05:04.010 -> -0.47,-0.34,8.73, -0.01,-0.13,0.00
16:05:04.058 -> -0.47,-0.34,8.71, -0.01,-0.13,0.00
16:05:04.104 -> -0.48,-0.34,8.70, -0.01,-0.13,0.00
16:05:04.151 -> -0.49,-0.34,8.74, -0.01,-0.13,0.00
16:05:04.198 -> -0.48,-0.34,8.71, -0.01,-0.13,0.00
16:05:04.245 -> -0.48,-0.36,8.72, -0.01,-0.13,0.00
16:05:04.292 -> -0.48,-0.36,8.74, -0.01,-0.13,0.00
16:05:04.339 -> -0.49,-0.34,8.72, -0.01,-0.13,0.00
16:05:04.386 -> -0.46,-0.34,8.74, -0.01,-0.13,0.00
16:05:04.432 -> -0.48,-0.33,8.71, -0.01,-0.13,0.00
16:05:04.526 -> -0.47,-0.34,8.73, -0.01,-0.13,0.00
16:05:04.573 -> -0.49,-0.34,8.71, -0.01,-0.13,0.00
16:05:04.620 -> -0.47,-0.35,8.72, -0.01,-0.13,0.00
16:05:04.667 -> -0.48,-0.34,8.72, -0.01,-0.13,0.00
16:05:04.714 -> -0.47,-0.34,8.73, -0.01,-0.13,0.00
16:05:04.760 -> -0.49,-0.36,8.73, -0.01,-0.13,0.00
16:05:04.807 -> -0.48,-0.34,8.71, -0.01,-0.13,0.00
16:05:04.854 -> -0.48,-0.34,8.72, -0.01,-0.13,0.00
16:05:04.901 -> -0.50,-0.34,8.73, -0.01,-0.13,0.00
16:05:04.948 -> -0.47,-0.34,8.74, -0.01,-0.13,0.00
16:05:04.995 -> -0.49,-0.33,8.74, -0.01,-0.13,0.00
16:05:05.042 -> -0.47,-0.34,8.72, -0.01,-0.13,0.00
16:05:05.089 -> -0.49,-0.33,8.74, -0.01,-0.13,0.00
16:05:05.136 -> -0.48,-0.33,8.76, -0.01,-0.13,0.00
16:05:05.182 -> -0.48,-0.33,8.72, -0.01,-0.13,0.00
16:05:05.229 -> -0.48,-0.34,8.74, -0.01,-0.13,0.00
16:05:05.323 -> -0.49,-0.34,8.72, -0.01,-0.13,0.00
16:05:05.370 -> -0.46,-0.34,8.71, -0.01,-0.13,0.00
16:05:05.417 -> -0.48,-0.34,8.72, -0.01,-0.13,0.00
16:05:05.464 -> -0.48,-0.34,8.73, -0.01,-0.13,0.00
16:05:05.511 -> -0.48,-0.34,8.73, -0.01,-0.13,0.00
16:05:05.557 -> -0.48,-0.34,8.72, -0.01,-0.13,0.00
16:05:05.604 -> -0.48,-0.33,8.72, -0.01,-0.13,0.00
16:05:05.651 -> -0.49,-0.34,8.74, -0.01,-0.13,0.00
16:05:05.698 -> -0.47,-0.32,8.73, -0.01,-0.13,0.00
16:05:05.745 -> -0.47,-0.33,8.72, -0.01,-0.13,0.00
16:05:05.792 -> -0.47,-0.33,8.74, -0.01,-0.13,0.00
16:05:05.839 -> -0.48,-0.35,8.73, -0.01,-0.13,0.00
16:05:05.886 -> -0.48,-0.33,8.73, -0.01,-0.13,0.00
16:05:05.932 -> -0.47,-0.33,8.72, -0.01,-0.13,0.00
16:05:05.981 -> -0.48,-0.35,8.73, -0.01,-0.13,0.00
16:05:06.075 -> -0.47,-0.34,8.74, -0.01,-0.13,0.00
16:05:06.122 -> -0.49,-0.34,8.71, -0.01,-0.13,0.00
16:05:06.170 -> -0.47,-0.34,8.73, -0.01,-0.13,0.00
16:05:06.217 -> -0.49,-0.34,8.72, -0.01,-0.13,0.00
16:05:06.263 -> -0.50,-0.35,8.71, -0.01,-0.13,0.00
16:05:06.310 -> -0.49,-0.34,8.74, -0.01,-0.13,0.00
16:05:06.357 -> -0.46,-0.33,8.74, -0.01,-0.13,0.00
16:05:06.404 -> -0.49,-0.33,8.71, -0.01,-0.13,0.00
16:05:06.451 -> -0.47,-0.35,8.73, -0.01,-0.13,0.00
16:05:06.498 -> -0.48,-0.32,8.72, -0.01,-0.13,0.00
16:05:06.545 -> -0.47,-0.35,8.71, -0.01,-0.13,0.00
16:05:06.591 -> -0.44,-0.34,8.72, -0.01,-0.13,0.00
16:05:06.640 -> -0.47,-0.35,8.71, -0.01,-0.13,0.00
16:05:06.686 -> -0.47,-0.34,8.74, -0.01,-0.13,0.00
16:05:06.733 -> -0.48,-0.34,8.73, -0.01,-0.13,0.00
16:05:06.827 -> -0.49,-0.34,8.73, -0.01,-0.13,0.00
16:05:06.875 -> -0.48,-0.35,8.71, -0.01,-0.13,0.00
16:05:06.922 -> -0.51,-0.34,8.73, -0.01,-0.13,0.00
16:05:06.968 -> -0.49,-0.34,8.72, -0.01,-0.13,0.00
16:05:07.015 -> -0.50,-0.35,8.74, -0.01,-0.13,0.00
16:05:07.062 -> -0.47,-0.33,8.75, -0.01,-0.13,0.00
16:05:07.109 -> -0.49,-0.34,8.71, -0.01,-0.13,0.00
16:05:07.156 -> -0.48,-0.33,8.72, -0.01,-0.13,0.00
16:05:07.203 -> -0.47,-0.33,8.71, -0.01,-0.13,0.00
16:05:07.250 -> -0.47,-0.34,8.70, -0.01,-0.13,0.00
16:05:07.297 -> -0.48,-0.35,8.74, -0.01,-0.13,0.00
16:05:07.345 -> -0.48,-0.34,8.73, -0.01,-0.13,0.00
16:05:07.392 -> -0.48,-0.34,8.74, -0.01,-0.13,0.00
16:05:07.438 -> -0.49,-0.34,8.74, -0.01,-0.13,0.00
16:05:07.485 -> -0.46,-0.34,8.74, -0.01,-0.13,0.00
16:05:07.533 -> -0.49,-0.34,8.70, -0.01,-0.13,0.00
16:05:07.627 -> -0.48,-0.35,8.71, -0.01,-0.13,0.00
16:05:07.674 -> -0.48,-0.35,8.73, -0.01,-0.13,0.00
16:05:07.720 -> -0.48,-0.35,8.74, -0.01,-0.13,0.00
16:05:07.767 -> -0.46,-0.33,8.73, -0.01,-0.13,0.00
16:05:07.814 -> -0.45,-0.34,8.72, -0.01,-0.13,0.00
16:05:07.861 -> -0.50,-0.35,8.73, -0.01,-0.13,0.00
16:05:07.908 -> -0.48,-0.32,8.74, -0.01,-0.13,0.00
16:05:07.955 -> -0.47,-0.34,8.72, -0.01,-0.13,0.00
16:05:08.002 -> -0.47,-0.34,8.73, -0.01,-0.13,0.00
16:05:08.049 -> -0.48,-0.36,8.73, -0.01,-0.13,0.00
16:05:08.095 -> -0.48,-0.34,8.70, -0.01,-0.13,0.00
16:05:08.142 -> -0.47,-0.34,8.73, -0.01,-0.13,0.00
16:05:08.189 -> -0.47,-0.36,8.71, -0.01,-0.13,0.00
16:05:08.236 -> -0.49,-0.33,8.74, -0.01,-0.13,0.00
16:05:08.283 -> -0.49,-0.35,8.72, -0.01,-0.13,0.00
16:05:08.377 -> -0.47,-0.34,8.71, -0.01,-0.13,0.00
16:05:08.424 -> -0.49,-0.35,8.71, -0.01,-0.13,0.00
16:05:08.471 -> -0.49,-0.34,8.71, -0.01,-0.13,0.00
16:05:08.517 -> -0.48,-0.33,8.75, -0.01,-0.13,0.00
16:05:08.564 -> -0.45,-0.34,8.72, -0.01,-0.13,0.00
16:05:08.611 -> -0.47,-0.34,8.72, -0.01,-0.13,0.00
16:05:08.658 -> -0.49,-0.33,8.71, -0.01,-0.13,0.00
16:05:08.706 -> -0.47,-0.33,8.72, -0.01,-0.13,0.00
16:05:08.753 -> -0.48,-0.34,8.73, -0.01,-0.13,0.00
16:05:08.800 -> -0.46,-0.34,8.73, -0.01,-0.13,0.00
16:05:08.847 -> -0.48,-0.33,8.71, -0.01,-0.13,0.00
16:05:08.895 -> -0.48,-0.35,8.71, -0.01,-0.13,0.00
16:05:08.942 -> -0.47,-0.34,8.73, -0.01,-0.13,0.00
16:05:08.988 -> -0.47,-0.34,8.73, -0.01,-0.13,0.00
16:05:09.035 -> -0.49,-0.34,8.71, -0.01,-0.13,0.00
16:05:09.082 -> -0.49,-0.34,8.73, -0.01,-0.13,0.00
16:05:09.176 -> -0.49,-0.35,8.74, -0.01,-0.13,0.00
16:05:09.223 -> -0.48,-0.35,8.75, -0.01,-0.13,0.00
16:05:09.270 -> -0.50,-0.35,8.75, -0.01,-0.13,0.00
16:05:09.316 -> -0.49,-0.34,8.73, -0.01,-0.13,0.00
16:05:09.363 -> -0.46,-0.34,8.72, -0.01,-0.13,0.00
16:05:09.410 -> -0.49,-0.33,8.74, -0.01,-0.13,0.00
16:05:09.457 -> -0.48,-0.35,8.71, -0.01,-0.13,0.00
16:05:09.504 -> -0.48,-0.33,8.73, -0.01,-0.13,0.00
16:05:09.551 -> -0.47,-0.32,8.78, -0.01,-0.13,0.00
16:05:09.598 -> -0.48,-0.34,8.73, -0.01,-0.13,0.00
16:05:09.645 -> -0.49,-0.32,8.71, -0.01,-0.13,0.00
16:05:09.691 -> -0.46,-0.33,8.71, -0.01,-0.13,0.00
16:05:09.738 -> -0.46,-0.34,8.72, -0.01,-0.13,0.00
16:05:09.785 -> -0.48,-0.33,8.74, -0.01,-0.13,0.00
16:05:09.832 -> -0.48,-0.33,8.73, -0.01,-0.13,0.00
16:05:09.926 -> -0.48,-0.33,8.72, -0.01,-0.13,0.00
16:05:09.973 -> -0.48,-0.33,8.72, -0.01,-0.13,0.00
16:05:10.019 -> -0.48,-0.35,8.71, -0.01,-0.13,0.00
16:05:10.068 -> -0.50,-0.35,8.73, -0.01,-0.13,0.00
16:05:10.114 -> -0.48,-0.34,8.75, -0.01,-0.13,0.00
16:05:10.161 -> -0.48,-0.35,8.73, -0.01,-0.13,0.00
16:05:10.208 -> -0.47,-0.34,8.73, -0.01,-0.13,0.00
16:05:10.256 -> -0.47,-0.35,8.73, -0.01,-0.13,0.00
16:05:10.302 -> -0.49,-0.34,8.72, -0.01,-0.13,0.00
16:05:10.349 -> -0.48,-0.33,8.72, -0.01,-0.13,0.00
16:05:10.396 -> -0.48,-0.32,8.74, -0.01,-0.13,0.00
16:05:10.443 -> -0.47,-0.34,8.74, -0.01,-0.13,0.00
16:05:10.490 -> -0.48,-0.34,8.72, -0.01,-0.13,0.00
16:05:10.537 -> -0.48,-0.33,8.72, -0.01,-0.13,0.00
16:05:10.584 -> -0.51,-0.34,8.73, -0.01,-0.13,0.00
16:05:10.631 -> -0.49,-0.34,8.71, -0.01,-0.13,0.00
16:05:10.724 -> -0.48,-0.34,8.73, -0.01,-0.13,0.00
16:05:10.771 -> -0.47,-0.34,8.72, -0.01,-0.13,0.00
16:05:10.818 -> -0.46,-0.32,8.69, -0.01,-0.13,0.00
16:05:10.865 -> -0.51,-0.34,8.76, -0.02,-0.13,0.00
16:05:10.912 -> -0.47,-0.34,8.71, -0.01,-0.13,0.00
16:05:10.959 -> -0.49,-0.34,8.72, -0.01,-0.13,0.00
16:05:11.005 -> -0.48,-0.35,8.71, -0.01,-0.13,0.00
16:05:11.052 -> -0.48,-0.35,8.73, -0.01,-0.13,0.00
16:05:11.099 -> -0.46,-0.35,8.72, -0.01,-0.13,0.00
16:05:11.146 -> -0.45,-0.34,8.72, -0.01,-0.13,0.00
16:05:11.193 -> -0.46,-0.34,8.73, -0.01,-0.13,0.00
16:05:11.240 -> -0.49,-0.34,8.71, -0.01,-0.13,0.00
16:05:11.287 -> -0.48,-0.34,8.73, -0.01,-0.13,0.00
16:05:11.334 -> -0.47,-0.34,8.71, -0.01,-0.13,0.00
16:05:11.381 -> -0.48,-0.33,8.72, -0.01,-0.13,0.00
16:05:11.476 -> -0.48,-0.34,8.76, -0.01,-0.13,0.00
16:05:11.523 -> -0.48,-0.33,8.71, -0.01,-0.13,0.00
16:05:11.569 -> -0.49,-0.34,8.73, -0.01,-0.13,0.00
16:05:11.617 -> -0.48,-0.34,8.73, -0.01,-0.13,0.00
16:05:11.664 -> -0.50,-0.33,8.71, -0.01,-0.13,0.00
16:05:11.711 -> -0.49,-0.34,8.71, -0.00,-0.13,0.01
16:05:11.758 -> -0.47,-0.34,8.72, -0.01,-0.13,0.00
16:05:11.804 -> -0.47,-0.34,8.71, -0.01,-0.13,0.00
16:05:11.851 -> -0.47,-0.33,8.73, -0.01,-0.13,0.00
16:05:11.899 -> -0.48,-0.33,8.71, -0.01,-0.13,0.00
16:05:11.946 -> -0.50,-0.32,8.73, -0.01,-0.13,0.00
16:05:11.993 -> -0.48,-0.34,8.74, -0.01,-0.13,0.00
16:05:12.039 -> -0.48,-0.32,8.73, -0.01,-0.13,0.00
16:05:12.086 -> -0.48,-0.33,8.71, -0.01,-0.13,0.00
16:05:12.133 -> -0.48,-0.33,8.73, -0.01,-0.13,0.00
16:05:12.227 -> -0.49,-0.34,8.72, -0.01,-0.13,0.00
16:05:12.274 -> -0.47,-0.33,8.73, -0.01,-0.13,0.00
16:05:12.321 -> -0.48,-0.33,8.70, -0.01,-0.13,0.00
16:05:12.368 -> -0.48,-0.32,8.74, -0.01,-0.13,0.00
16:05:12.414 -> -0.48,-0.34,8.72, -0.01,-0.13,0.00
16:05:12.461 -> -0.48,-0.33,8.73, -0.01,-0.13,0.00
16:05:12.508 -> -0.48,-0.34,8.71, -0.01,-0.13,0.00
16:05:12.555 -> -0.46,-0.34,8.74, -0.01,-0.13,0.00
16:05:12.602 -> -0.47,-0.33,8.73, -0.01,-0.13,0.00
16:05:12.649 -> -0.49,-0.33,8.72, -0.01,-0.13,0.00
16:05:12.696 -> -0.50,-0.32,8.75, -0.02,-0.13,0.00
16:05:12.743 -> -0.47,-0.34,8.71, -0.01,-0.13,0.00
16:05:12.791 -> -0.46,-0.32,8.73, -0.01,-0.13,0.00
16:05:12.838 -> -0.48,-0.37,8.72, -0.01,-0.13,0.00
16:05:12.884 -> -0.47,-0.34,8.71, -0.01,-0.13,0.00
16:05:12.931 -> -0.50,-0.34,8.72, -0.01,-0.13,0.00
16:05:13.026 -> -0.46,-0.32,8.71, -0.01,-0.13,0.00
16:05:13.073 -> -0.49,-0.33,8.74, -0.01,-0.13,0.00
16:05:13.120 -> -0.49,-0.34,8.72, -0.01,-0.13,0.00
16:05:13.167 -> -0.47,-0.34,8.71, -0.01,-0.13,0.00
16:05:13.214 -> -0.46,-0.33,8.79, -0.02,-0.13,0.00
16:05:13.260 -> -0.47,-0.31,8.71, -0.01,-0.13,0.00
16:05:13.307 -> -0.48,-0.34,8.73, -0.01,-0.13,0.00
16:05:13.354 -> -0.47,-0.32,8.71, -0.01,-0.13,0.00
16:05:13.401 -> -0.48,-0.34,8.74, -0.01,-0.13,0.00
16:05:13.448 -> -0.48,-0.33,8.76, -0.01,-0.13,0.00
16:05:13.495 -> -0.51,-0.34,8.76, -0.01,-0.13,0.00
16:05:13.542 -> -0.49,-0.33,8.71, -0.01,-0.13,0.00
16:05:13.589 -> -0.50,-0.36,8.75, -0.01,-0.13,0.00
16:05:13.635 -> -0.47,-0.34,8.74, -0.01,-0.13,0.00
16:05:13.682 -> -0.48,-0.34,8.75, -0.01,-0.13,0.00
16:05:13.776 -> -0.49,-0.33,8.73, -0.01,-0.13,0.00
16:05:13.823 -> -0.47,-0.34,8.72, -0.01,-0.13,0.00
16:05:13.870 -> -0.48,-0.33,8.74, -0.01,-0.13,0.00
16:05:13.917 -> -0.46,-0.34,8.71, -0.01,-0.13,0.00
16:05:13.963 -> -0.49,-0.33,8.73, -0.01,-0.13,0.00
16:05:14.010 -> -0.47,-0.32,8.70, -0.01,-0.13,0.00
16:05:14.057 -> -0.48,-0.34,8.73, -0.01,-0.13,0.00
16:05:14.104 -> -0.47,-0.33,8.72, -0.01,-0.13,0.00
16:05:14.152 -> -0.47,-0.35,8.72, -0.01,-0.13,0.00
16:05:14.199 -> -0.47,-0.33,8.73, -0.01,-0.13,0.00
16:05:14.246 -> -0.48,-0.34,8.73, -0.01,-0.13,0.00
16:05:14.293 -> -0.50,-0.33,8.73, -0.01,-0.13,0.00
16:05:14.340 -> -0.48,-0.34,8.73, -0.01,-0.13,0.00
16:05:14.387 -> -0.48,-0.34,8.70, -0.01,-0.13,0.00
16:05:14.434 -> -0.49,-0.34,8.73, -0.01,-0.13,0.00
16:05:14.481 -> -0.49,-0.33,8.71, -0.01,-0.13,0.00
16:05:14.575 -> -0.48,-0.34,8.75, -0.01,-0.13,0.00
16:05:14.622 -> -0.47,-0.34,8.72, -0.01,-0.13,0.00
16:05:14.669 -> -0.47,-0.34,8.73, -0.01,-0.13,0.00
16:05:14.715 -> -0.48,-0.35,8.72, -0.01,-0.13,0.00
16:05:14.762 -> -0.48,-0.35,8.71, -0.01,-0.13,0.00
16:05:14.809 -> -0.46,-0.33,8.72, -0.01,-0.13,0.00
16:05:14.856 -> -0.48,-0.34,8.75, -0.01,-0.13,0.00
16:05:14.903 -> -0.47,-0.32,8.73, -0.01,-0.13,0.00
16:05:14.950 -> -0.48,-0.35,8.72, -0.01,-0.13,0.00
16:05:14.996 -> -0.48,-0.33,8.72, -0.01,-0.13,0.00
16:05:15.043 -> -0.47,-0.34,8.72, -0.01,-0.13,0.00
16:05:15.090 -> -0.50,-0.31,8.74, -0.01,-0.13,0.00
16:05:15.137 -> -0.48,-0.33,8.73, -0.01,-0.13,0.00
16:05:15.184 -> -0.48,-0.34,8.72, -0.01,-0.13,0.00
16:05:15.231 -> -0.49,-0.35,8.73, -0.01,-0.13,0.00
16:05:15.325 -> -0.49,-0.33,8.75, -0.01,-0.13,0.00
16:05:15.371 -> -0.48,-0.33,8.74, -0.01,-0.13,0.00
16:05:15.418 -> -0.48,-0.34,8.73, -0.01,-0.13,0.00
16:05:15.453 -> -0.48,-0.34,8.70, -0.01,-0.13,0.00
16:05:15.500 -> -0.45,-0.33,8.73, -0.01,-0.13,0.00
16:05:15.547 -> -0.49,-0.34,8.72, -0.01,-0.13,0.00
16:05:15.594 -> -0.47,-0.35,8.72, -0.01,-0.13,0.00
16:05:15.641 -> -0.48,-0.34,8.73, -0.01,-0.13,0.00
16:05:15.688 -> -0.45,-0.34,8.71, -0.01,-0.13,0.00
16:05:15.735 -> -0.49,-0.34,8.73, -0.01,-0.13,0.00
16:05:15.782 -> -0.48,-0.32,8.73, -0.01,-0.13,0.00
16:05:15.876 -> -0.47,-0.34,8.74, -0.01,-0.13,0.00
16:05:15.923 -> -0.49,-0.32,8.73, -0.01,-0.13,0.00
16:05:15.970 -> -0.46,-0.34,8.73, -0.01,-0.13,0.00
16:05:16.016 -> -0.47,-0.34,8.71, -0.01,-0.13,0.00
16:05:16.063 -> -0.50,-0.34,8.73, -0.01,-0.13,0.00
16:05:16.110 -> -0.49,-0.34,8.71, -0.01,-0.13,0.00
16:05:16.157 -> -0.47,-0.32,8.71, -0.01,-0.13,0.00
16:05:16.204 -> -0.49,-0.33,8.71, -0.01,-0.13,0.00
16:05:16.251 -> -0.48,-0.34,8.72, -0.01,-0.13,0.00
16:05:16.298 -> -0.46,-0.34,8.73, -0.01,-0.13,0.00
16:05:16.344 -> -0.49,-0.33,8.74, -0.01,-0.13,0.00
16:05:16.425 -> -0.46,-0.34,8.73, -0.01,-0.13,0.00
16:05:16.471 -> -0.47,-0.34,8.72, -0.01,-0.13,0.00
16:05:16.518 -> -0.49,-0.33,8.75, -0.01,-0.13,0.00
16:05:16.565 -> -0.47,-0.33,8.72, -0.01,-0.13,0.00
16:05:16.612 -> -0.50,-0.34,8.75, -0.01,-0.13,0.00
16:05:16.659 -> -0.48,-0.33,8.75, -0.01,-0.13,0.00
16:05:16.706 -> -0.48,-0.34,8.74, -0.01,-0.13,0.00
16:05:16.753 -> -0.48,-0.34,8.72, -0.01,-0.13,0.00
16:05:16.799 -> -0.48,-0.33,8.72, -0.01,-0.13,0.00
16:05:16.846 -> -0.46,-0.34,8.71, -0.01,-0.13,0.00
16:05:16.893 -> -0.53,-0.35,8.71, -0.02,-0.13,0.00
16:05:16.940 -> -0.48,-0.34,8.69, -0.01,-0.13,0.00
16:05:16.987 -> -0.46,-0.34,8.71, -0.01,-0.13,0.00
16:05:17.034 -> -0.49,-0.35,8.75, -0.01,-0.13,0.00
16:05:17.082 -> -0.49,-0.33,8.75, -0.01,-0.13,0.00
16:05:17.175 -> -0.48,-0.34,8.75, -0.01,-0.13,0.00
16:05:17.222 -> -0.49,-0.32,8.71, -0.01,-0.13,0.00
16:05:17.269 -> -0.48,-0.34,8.74, -0.01,-0.13,0.00
16:05:17.316 -> -0.48,-0.33,8.76, -0.01,-0.13,0.00
16:05:17.363 -> -0.49,-0.33,8.73, -0.01,-0.13,0.00
16:05:17.410 -> -0.49,-0.33,8.75, -0.01,-0.13,0.00
16:05:17.457 -> -0.47,-0.35,8.73, -0.01,-0.13,0.00
16:05:17.503 -> -0.46,-0.34,8.72, -0.01,-0.13,0.00
16:05:17.550 -> -0.49,-0.32,8.71, -0.01,-0.13,0.00
16:05:17.597 -> -0.47,-0.32,8.72, -0.01,-0.13,0.00
16:05:17.644 -> -0.46,-0.34,8.73, -0.01,-0.13,0.00
16:05:17.691 -> -0.49,-0.34,8.71, -0.01,-0.13,0.00
16:05:17.738 -> -0.46,-0.34,8.74, -0.01,-0.13,0.00
16:05:17.785 -> -0.49,-0.34,8.70, -0.01,-0.13,0.00
16:05:17.831 -> -0.48,-0.34,8.72, -0.01,-0.13,0.00
16:05:17.925 -> -0.49,-0.35,8.71, -0.01,-0.13,0.00
16:05:17.972 -> -0.47,-0.33,8.73, -0.01,-0.13,0.00
16:05:18.019 -> -0.49,-0.33,8.73, -0.01,-0.13,0.00
16:05:18.066 -> -0.46,-0.35,8.72, -0.01,-0.13,0.00
16:05:18.113 -> -0.47,-0.33,8.72, -0.01,-0.13,0.00
16:05:18.160 -> -0.49,-0.35,8.74, -0.01,-0.13,0.00
16:05:18.206 -> -0.49,-0.34,8.71, -0.01,-0.13,0.00
16:05:18.255 -> -0.48,-0.35,8.70, -0.01,-0.13,0.00
16:05:18.301 -> -0.47,-0.35,8.74, -0.01,-0.13,0.00
16:05:18.348 -> -0.48,-0.35,8.73, -0.01,-0.13,0.00
16:05:18.395 -> -0.47,-0.34,8.73, -0.01,-0.13,0.00
16:05:18.443 -> -0.47,-0.31,8.74, -0.01,-0.13,0.00
16:05:18.490 -> -0.49,-0.32,8.77, -0.01,-0.13,0.00
16:05:18.537 -> -0.50,-0.34,8.73, -0.01,-0.13,0.00
16:05:18.584 -> -0.47,-0.34,8.74, -0.01,-0.13,0.00
16:05:18.631 -> -0.47,-0.35,8.73, -0.01,-0.13,0.00
16:05:18.724 -> -0.48,-0.33,8.74, -0.01,-0.13,0.00
16:05:18.771 -> -0.50,-0.33,8.74, -0.01,-0.13,0.00
16:05:18.818 -> -0.48,-0.35,8.73, -0.01,-0.13,0.00
16:05:18.865 -> -0.46,-0.33,8.71, -0.01,-0.13,0.00
16:05:18.912 -> -0.47,-0.32,8.73, -0.01,-0.13,0.00
16:05:18.959 -> -0.46,-0.34,8.72, -0.01,-0.13,0.00
16:05:19.006 -> -0.49,-0.33,8.75, -0.01,-0.13,0.00
16:05:19.052 -> -0.47,-0.33,8.74, -0.01,-0.13,0.00
16:05:19.099 -> -0.47,-0.33,8.71, -0.01,-0.13,0.00
16:05:19.146 -> -0.49,-0.34,8.72, -0.01,-0.13,0.00
16:05:19.193 -> -0.47,-0.33,8.72, -0.01,-0.13,0.00
16:05:19.240 -> -0.46,-0.34,8.74, -0.01,-0.13,0.00
16:05:19.287 -> -0.49,-0.34,8.72, -0.01,-0.13,0.00
16:05:19.333 -> -0.48,-0.34,8.75, -0.01,-0.13,0.00
16:05:19.427 -> -0.46,-0.33,8.73, -0.01,-0.13,0.00
16:05:19.474 -> -0.50,-0.33,8.73, -0.01,-0.13,0.00
16:05:19.521 -> -0.48,-0.34,8.72, -0.01,-0.13,0.00
16:05:19.568 -> -0.46,-0.33,8.72, -0.01,-0.13,0.00
16:05:19.616 -> -0.50,-0.35,8.73, -0.01,-0.13,0.00
16:05:19.663 -> -0.49,-0.34,8.71, -0.01,-0.13,0.00
16:05:19.710 -> -0.48,-0.34,8.73, -0.01,-0.13,0.00
16:05:19.756 -> -0.49,-0.34,8.75, -0.01,-0.13,0.00
16:05:19.804 -> -0.47,-0.34,8.72, -0.01,-0.13,0.00
16:05:19.851 -> -0.47,-0.34,8.70, -0.01,-0.13,0.00
16:05:19.898 -> -0.48,-0.34,8.72, -0.01,-0.13,0.00
16:05:19.945 -> -0.48,-0.34,8.73, -0.01,-0.13,0.00
16:05:19.992 -> -0.49,-0.33,8.73, -0.01,-0.13,0.00
16:05:20.038 -> -0.47,-0.33,8.72, -0.01,-0.13,0.00
16:05:20.085 -> -0.49,-0.33,8.72, -0.01,-0.13,0.00
16:05:20.132 -> -0.47,-0.33,8.71, -0.01,-0.13,0.00
16:05:20.226 -> -0.46,-0.34,8.72, -0.01,-0.13,0.00
16:05:20.273 -> -0.46,-0.33,8.70, -0.01,-0.13,0.00
16:05:20.320 -> -0.47,-0.32,8.72, -0.01,-0.13,0.00
16:05:20.367 -> -0.47,-0.34,8.73, -0.01,-0.13,0.00
16:05:20.413 -> -0.49,-0.33,8.73, -0.01,-0.13,0.00
16:05:20.460 -> -0.47,-0.33,8.71, -0.01,-0.13,0.00
16:05:20.507 -> -0.49,-0.33,8.72, -0.01,-0.13,0.00
16:05:20.554 -> -0.46,-0.34,8.75, -0.01,-0.13,0.00
16:05:20.601 -> -0.48,-0.34,8.71, -0.01,-0.13,0.00
16:05:20.648 -> -0.47,-0.33,8.74, -0.01,-0.13,0.00
16:05:20.695 -> -0.49,-0.31,8.74, -0.01,-0.13,0.00
16:05:20.741 -> -0.49,-0.33,8.72, -0.01,-0.13,0.00
16:05:20.788 -> -0.46,-0.34,8.74, -0.01,-0.13,0.00
16:05:20.835 -> -0.47,-0.34,8.70, -0.01,-0.13,0.00
16:05:20.882 -> -0.49,-0.34,8.73, -0.01,-0.13,0.00
16:05:20.977 -> -0.49,-0.34,8.72, -0.01,-0.13,0.00
16:05:21.024 -> -0.49,-0.34,8.75, -0.01,-0.13,0.00
16:05:21.071 -> -0.46,-0.34,8.73, -0.01,-0.13,0.00
16:05:21.118 -> -0.49,-0.34,8.71, -0.01,-0.13,0.00
16:05:21.165 -> -0.47,-0.33,8.73, -0.01,-0.13,0.00
16:05:21.212 -> -0.48,-0.31,8.73, -0.01,-0.13,0.00
16:05:21.259 -> -0.47,-0.34,8.73, -0.01,-0.13,0.00
16:05:21.306 -> -0.48,-0.31,8.73, -0.01,-0.13,0.00
16:05:21.353 -> -0.48,-0.34,8.72, -0.01,-0.13,0.00
16:05:21.400 -> -0.48,-0.34,8.74, -0.01,-0.13,0.00
16:05:21.446 -> -0.47,-0.34,8.72, -0.01,-0.13,0.00
16:05:21.493 -> -0.47,-0.33,8.72, -0.01,-0.13,0.00
16:05:21.540 -> -0.49,-0.36,8.73, -0.01,-0.13,0.00
16:05:21.587 -> -0.49,-0.32,8.75, -0.01,-0.13,0.00
16:05:21.634 -> -0.48,-0.32,8.72, -0.01,-0.13,0.00
16:05:21.682 -> -0.48,-0.33,8.73, -0.01,-0.13,0.00
16:05:21.776 -> -0.48,-0.34,8.74, -0.01,-0.13,0.00
16:05:21.823 -> -0.49,-0.34,8.73, -0.01,-0.13,0.00
16:05:21.870 -> -0.48,-0.32,8.73, -0.01,-0.13,0.00
16:05:21.917 -> -0.48,-0.34,8.71, -0.01,-0.13,0.00
16:05:21.964 -> -0.47,-0.34,8.73, -0.01,-0.13,0.00
16:05:22.011 -> -0.50,-0.33,8.73, -0.01,-0.13,0.00
16:05:22.058 -> -0.49,-0.34,8.73, -0.01,-0.13,0.00
16:05:22.105 -> -0.47,-0.33,8.74, -0.01,-0.13,0.00
16:05:22.152 -> -0.49,-0.34,8.74, -0.01,-0.13,0.00
16:05:22.199 -> -0.48,-0.33,8.72, -0.01,-0.13,0.00
16:05:22.245 -> -0.49,-0.34,8.73, -0.01,-0.13,0.00
16:05:22.292 -> -0.49,-0.34,8.75, -0.01,-0.13,0.00
16:05:22.341 -> -0.49,-0.34,8.75, -0.01,-0.13,0.00
16:05:22.387 -> -0.46,-0.33,8.70, -0.01,-0.13,0.00
16:05:22.434 -> -0.47,-0.34,8.71, -0.01,-0.13,0.00
16:05:22.481 -> -0.46,-0.32,8.72, -0.01,-0.13,0.00
16:05:22.576 -> -0.49,-0.31,8.73, -0.00,-0.13,0.01
16:05:22.623 -> -0.48,-0.34,8.71, -0.01,-0.13,0.00
16:05:22.670 -> -0.47,-0.34,8.73, -0.01,-0.13,0.00
16:05:22.716 -> -0.47,-0.33,8.73, -0.01,-0.13,0.00
16:05:22.763 -> -0.48,-0.33,8.74, -0.01,-0.13,0.00
16:05:22.810 -> -0.47,-0.33,8.74, -0.01,-0.13,0.00
16:05:22.857 -> -0.48,-0.35,8.73, -0.01,-0.13,0.00
16:05:22.904 -> -0.46,-0.34,8.73, -0.01,-0.13,0.00
16:05:22.951 -> -0.49,-0.33,8.73, -0.01,-0.13,0.00
16:05:22.998 -> -0.48,-0.33,8.72, -0.01,-0.13,0.00
16:05:23.044 -> -0.47,-0.32,8.75, -0.01,-0.13,0.00
16:05:23.091 -> -0.48,-0.33,8.73, -0.01,-0.13,0.00
16:05:23.138 -> -0.46,-0.32,8.76, -0.01,-0.13,0.00
16:05:23.185 -> -0.48,-0.33,8.71, -0.01,-0.13,0.00
16:05:23.232 -> -0.46,-0.32,8.74, -0.01,-0.13,0.00
16:05:23.326 -> -0.47,-0.31,8.71, -0.01,-0.13,0.00
16:05:23.372 -> -0.48,-0.34,8.72, -0.01,-0.13,0.00
16:05:23.419 -> -0.48,-0.32,8.73, -0.01,-0.13,0.00
16:05:23.466 -> -0.50,-0.32,8.73, -0.01,-0.13,0.00
16:05:23.513 -> -0.47,-0.34,8.74, -0.01,-0.13,0.00
16:05:23.560 -> -0.48,-0.34,8.71, -0.01,-0.13,0.00
16:05:23.607 -> -0.49,-0.33,8.72, -0.01,-0.13,0.00
16:05:23.654 -> -0.47,-0.33,8.70, -0.01,-0.13,0.00
16:05:23.701 -> -0.46,-0.35,8.73, -0.01,-0.13,0.00
16:05:23.748 -> -0.46,-0.33,8.71, -0.01,-0.13,0.00
16:05:23.795 -> -0.46,-0.33,8.73, -0.01,-0.13,0.00
16:05:23.842 -> -0.47,-0.33,8.74, -0.01,-0.13,0.00
16:05:23.890 -> -0.49,-0.33,8.72, -0.01,-0.13,0.00
16:05:23.937 -> -0.48,-0.34,8.76, -0.01,-0.13,0.00
16:05:23.984 -> -0.49,-0.33,8.73, -0.01,-0.13,0.00
16:05:24.031 -> -0.49,-0.34,8.72, -0.01,-0.13,0.00
16:05:24.124 -> -0.49,-0.34,8.71, -0.01,-0.13,0.00
16:05:24.171 -> -0.48,-0.32,8.73, -0.01,-0.13,0.00
16:05:24.218 -> -0.49,-0.33,8.71, -0.01,-0.13,0.00
16:05:24.265 -> -0.49,-0.33,8.71, -0.01,-0.13,0.00
16:05:24.312 -> -0.48,-0.33,8.70, -0.01,-0.13,0.00
16:05:24.359 -> -0.47,-0.34,8.73, -0.01,-0.13,0.00
16:05:24.405 -> -0.52,-0.34,8.77, -0.01,-0.13,0.00
16:05:24.452 -> -0.50,-0.35,8.75, -0.01,-0.13,0.00
16:05:24.499 -> -0.49,-0.34,8.70, -0.01,-0.13,0.00
16:05:24.546 -> -0.49,-0.32,8.70, -0.01,-0.13,0.00
16:05:24.593 -> -0.48,-0.31,8.75, -0.01,-0.13,0.00
16:05:24.640 -> -0.49,-0.34,8.72, -0.01,-0.13,0.00
16:05:24.688 -> -0.45,-0.31,8.74, -0.01,-0.13,0.00
16:05:24.735 -> -0.48,-0.33,8.73, -0.01,-0.13,0.00
16:05:24.782 -> -0.47,-0.33,8.72, -0.01,-0.13,0.00
16:05:24.876 -> -0.47,-0.33,8.71, -0.01,-0.13,0.00
16:05:24.923 -> -0.46,-0.31,8.73, -0.01,-0.13,0.00
16:05:24.970 -> -0.47,-0.34,8.71, -0.01,-0.13,0.00
16:05:25.016 -> -0.49,-0.34,8.73, -0.01,-0.13,0.00
16:05:25.064 -> -0.47,-0.33,8.73, -0.01,-0.13,0.00
16:05:25.111 -> -0.46,-0.33,8.71, -0.01,-0.13,0.00
16:05:25.158 -> -0.48,-0.33,8.72, -0.01,-0.13,0.00
16:05:25.205 -> -0.48,-0.34,8.74, -0.01,-0.13,0.00
16:05:25.253 -> -0.48,-0.32,8.72, -0.01,-0.13,0.00
16:05:25.300 -> -0.49,-0.33,8.73, -0.01,-0.13,0.00
16:05:25.346 -> -0.47,-0.34,8.73, -0.01,-0.13,0.00
16:05:25.393 -> -0.49,-0.32,8.73, -0.01,-0.13,0.00
16:05:25.440 -> -0.50,-0.33,8.73, -0.01,-0.13,0.00
16:05:25.487 -> -0.49,-0.34,8.77, -0.01,-0.13,0.00
16:05:25.534 -> -0.48,-0.34,8.73, -0.01,-0.13,0.00
16:05:25.581 -> -0.47,-0.34,8.71, -0.01,-0.13,0.00
16:05:25.675 -> -0.47,-0.33,8.72, -0.01,-0.13,0.00
16:05:25.722 -> -0.48,-0.32,8.73, -0.01,-0.13,0.00
16:05:25.769 -> -0.47,-0.33,8.73, -0.01,-0.13,0.00
16:05:25.815 -> -0.47,-0.32,8.74, -0.01,-0.13,0.00
16:05:25.862 -> -0.48,-0.34,8.72, -0.01,-0.13,0.00
16:05:25.909 -> -0.47,-0.33,8.73, -0.01,-0.13,0.00
16:05:25.956 -> -0.46,-0.32,8.72, -0.01,-0.13,0.00
16:05:26.003 -> -0.45,-0.32,8.71, -0.01,-0.13,0.00
16:05:26.050 -> -0.47,-0.33,8.71, -0.01,-0.13,0.00
16:05:26.097 -> -0.48,-0.34,8.71, -0.01,-0.13,0.00
16:05:26.144 -> -0.48,-0.33,8.72, -0.01,-0.13,0.00
16:05:26.190 -> -0.48,-0.31,8.73, -0.01,-0.13,0.00
16:05:26.237 -> -0.46,-0.33,8.71, -0.01,-0.13,0.00
16:05:26.284 -> -0.48,-0.34,8.69, -0.01,-0.13,0.00
16:05:26.332 -> -0.48,-0.32,8.74, -0.01,-0.13,0.00
16:05:26.427 -> -0.45,-0.33,8.71, -0.01,-0.13,0.00
16:05:26.474 -> -0.47,-0.31,8.70, -0.01,-0.13,0.00
16:05:26.521 -> -0.49,-0.34,8.74, -0.01,-0.13,0.00
16:05:26.568 -> -0.48,-0.34,8.73, -0.01,-0.13,0.00
16:05:26.615 -> -0.45,-0.33,8.72, -0.01,-0.13,0.00
16:05:26.662 -> -0.47,-0.32,8.72, -0.01,-0.13,0.00
16:05:26.710 -> -0.49,-0.34,8.74, -0.01,-0.13,0.00
16:05:26.757 -> -0.48,-0.34,8.72, -0.01,-0.13,0.00
16:05:26.804 -> -0.46,-0.33,8.74, -0.01,-0.13,0.00
16:05:26.851 -> -0.48,-0.33,8.70, -0.01,-0.13,0.00
16:05:26.898 -> -0.49,-0.31,8.72, -0.01,-0.13,0.00
16:05:26.945 -> -0.47,-0.33,8.72, -0.01,-0.13,0.00
16:05:26.992 -> -0.48,-0.34,8.74, -0.02,-0.13,0.00
16:05:27.039 -> -0.45,-0.33,8.73, -0.01,-0.13,0.00
16:05:27.086 -> -0.46,-0.32,8.73, -0.01,-0.13,0.00
16:05:27.133 -> -0.50,-0.31,8.75, -0.01,-0.13,0.00
16:05:27.227 -> -0.51,-0.34,8.71, -0.01,-0.13,0.00
16:05:27.274 -> -0.47,-0.33,8.72, -0.01,-0.13,0.00
16:05:27.320 -> -0.47,-0.33,8.72, -0.01,-0.13,0.00
16:05:27.367 -> -0.49,-0.32,8.73, -0.01,-0.13,0.00
16:05:27.414 -> -0.46,-0.32,8.72, -0.01,-0.13,0.00
16:05:27.461 -> -0.47,-0.34,8.74, -0.01,-0.13,0.00
16:05:27.508 -> -0.47,-0.34,8.73, -0.01,-0.13,0.00
16:05:27.555 -> -0.49,-0.34,8.72, -0.01,-0.13,0.00
16:05:27.602 -> -0.46,-0.33,8.71, -0.01,-0.13,0.00
16:05:27.649 -> -0.49,-0.32,8.72, -0.01,-0.13,0.00
16:05:27.695 -> -0.47,-0.34,8.74, -0.01,-0.13,0.00
16:05:27.742 -> -0.49,-0.32,8.73, -0.01,-0.13,0.00
16:05:27.791 -> -0.50,-0.33,8.73, -0.01,-0.13,0.00
16:05:27.837 -> -0.46,-0.30,8.73, -0.01,-0.13,0.00
16:05:27.884 -> -0.48,-0.33,8.73, -0.01,-0.13,0.00
16:05:27.931 -> -0.48,-0.32,8.72, -0.01,-0.13,0.00
16:05:28.026 -> -0.47,-0.33,8.71, -0.01,-0.13,0.00
16:05:28.073 -> -0.50,-0.33,8.77, -0.01,-0.13,0.00
16:05:28.120 -> -0.49,-0.33,8.77, -0.01,-0.13,0.00
16:05:28.167 -> -0.48,-0.33,8.71, -0.01,-0.13,0.00
16:05:28.214 -> -0.47,-0.34,8.73, -0.01,-0.13,0.00
16:05:28.261 -> -0.48,-0.33,8.71, -0.01,-0.13,0.00
16:05:28.307 -> -0.49,-0.33,8.72, -0.01,-0.13,0.00
16:05:28.354 -> -0.47,-0.32,8.73, -0.01,-0.13,0.00
16:05:28.401 -> -0.49,-0.33,8.72, -0.01,-0.13,0.00
16:05:28.448 -> -0.47,-0.33,8.71, -0.01,-0.13,0.00
16:05:28.495 -> -0.48,-0.34,8.72, -0.01,-0.13,0.00
16:05:28.542 -> -0.47,-0.34,8.71, -0.01,-0.13,0.00
16:05:28.589 -> -0.47,-0.33,8.74, -0.01,-0.13,0.00
16:05:28.635 -> -0.48,-0.33,8.71, -0.01,-0.13,0.00
16:05:28.682 -> -0.49,-0.34,8.71, -0.01,-0.13,0.00
16:05:28.776 -> -0.49,-0.34,8.75, -0.01,-0.13,0.00
16:05:28.823 -> -0.46,-0.32,8.73, -0.01,-0.13,0.00
16:05:28.870 -> -0.50,-0.33,8.75, -0.01,-0.13,0.00
16:05:28.917 -> -0.49,-0.33,8.74, -0.01,-0.13,0.00
16:05:28.964 -> -0.48,-0.32,8.73, -0.01,-0.13,0.00
16:05:29.010 -> -0.47,-0.34,8.72, -0.01,-0.13,0.00
16:05:29.057 -> -0.49,-0.35,8.74, -0.01,-0.13,0.00
16:05:29.104 -> -0.48,-0.32,8.73, -0.01,-0.13,0.00
16:05:29.143 -> -0.49,-0.34,8.73, -0.01,-0.13,0.00
16:05:29.192 -> -0.49,-0.34,8.72, -0.01,-0.13,0.00
16:05:29.238 -> -0.48,-0.34,8.73, -0.01,-0.13,0.00
16:05:29.285 -> -0.46,-0.33,8.74, -0.01,-0.13,0.00
16:05:29.332 -> -0.50,-0.34,8.74, -0.01,-0.13,0.01
16:05:29.427 -> -0.48,-0.34,8.71, -0.01,-0.13,0.00
16:05:29.474 -> -0.47,-0.34,8.70, -0.01,-0.13,0.01
16:05:29.521 -> -0.47,-0.31,8.72, -0.01,-0.13,0.00
16:05:29.567 -> -0.49,-0.34,8.73, -0.01,-0.13,0.00
16:05:29.614 -> -0.49,-0.34,8.71, -0.01,-0.13,0.00
16:05:29.661 -> -0.48,-0.33,8.74, -0.01,-0.13,0.00
16:05:29.708 -> -0.48,-0.33,8.74, -0.01,-0.13,0.00
16:05:29.755 -> -0.50,-0.33,8.73, -0.01,-0.13,0.00
16:05:29.802 -> -0.48,-0.32,8.71, -0.01,-0.13,0.00
16:05:29.848 -> -0.48,-0.33,8.73, -0.01,-0.13,0.00
16:05:29.890 -> -0.49,-0.33,8.72, -0.01,-0.13,0.00
16:05:29.937 -> -0.47,-0.34,8.73, -0.01,-0.13,0.00
16:05:29.984 -> -0.47,-0.34,8.74, -0.01,-0.13,0.00
16:05:30.031 -> -0.54,-0.33,8.68, -0.01,-0.13,0.00
16:05:30.125 -> -0.49,-0.34,8.71, -0.01,-0.13,0.00
16:05:30.172 -> -0.48,-0.33,8.74, -0.01,-0.13,0.00
16:05:30.220 -> -0.48,-0.34,8.74, -0.01,-0.13,0.00
16:05:30.267 -> -0.48,-0.34,8.71, -0.01,-0.13,0.00
16:05:30.314 -> -0.47,-0.32,8.73, -0.01,-0.13,0.00
16:05:30.361 -> -0.50,-0.34,8.71, -0.01,-0.13,0.00
16:05:30.409 -> -0.49,-0.33,8.71, -0.01,-0.13,0.00
16:05:30.456 -> -0.48,-0.34,8.72, -0.01,-0.13,0.00
16:05:30.504 -> -0.48,-0.34,8.73, -0.01,-0.13,0.00
16:05:30.551 -> -0.49,-0.34,8.73, -0.01,-0.13,0.00
16:05:30.598 -> -0.46,-0.34,8.73, -0.01,-0.13,0.00
16:05:30.644 -> -0.50,-0.32,8.74, -0.01,-0.13,0.00
16:05:30.691 -> -0.48,-0.34,8.72, -0.01,-0.13,0.00
16:05:30.739 -> -0.50,-0.35,8.71, -0.01,-0.13,0.00
16:05:30.786 -> -0.49,-0.33,8.72, -0.02,-0.13,0.00
16:05:30.833 -> -0.49,-0.32,8.72, -0.01,-0.13,0.00
16:05:30.926 -> -0.48,-0.32,8.73, -0.01,-0.13,0.00
16:05:30.973 -> -0.47,-0.32,8.74, -0.01,-0.13,0.00
16:05:31.020 -> -0.48,-0.33,8.73, -0.01,-0.13,0.00
16:05:31.067 -> -0.47,-0.32,8.72, -0.01,-0.13,0.00
16:05:31.114 -> -0.50,-0.33,8.73, -0.01,-0.13,0.00
16:05:31.161 -> -0.48,-0.32,8.71, -0.01,-0.13,0.00
16:05:31.208 -> -0.48,-0.35,8.71, -0.01,-0.13,0.00
16:05:31.254 -> -0.48,-0.32,8.71, -0.01,-0.13,0.00
16:05:31.301 -> -0.48,-0.33,8.71, -0.01,-0.13,0.00
16:05:31.348 -> -0.48,-0.33,8.74, -0.01,-0.13,0.00
16:05:31.395 -> -0.48,-0.34,8.74, -0.01,-0.13,0.00
16:05:31.442 -> -0.48,-0.35,8.72, -0.01,-0.13,0.00
16:05:31.489 -> -0.49,-0.34,8.71, -0.01,-0.13,0.00
16:05:31.536 -> -0.47,-0.34,8.73, -0.01,-0.13,0.00
16:05:31.582 -> -0.48,-0.32,8.73, -0.01,-0.13,0.00
16:05:31.676 -> -0.48,-0.34,8.72, -0.01,-0.13,0.00
16:05:31.724 -> -0.48,-0.33,8.72, -0.01,-0.13,0.00
16:05:31.771 -> -0.50,-0.33,8.71, -0.01,-0.13,0.00
16:05:31.818 -> -0.48,-0.33,8.76, -0.01,-0.13,0.00
16:05:31.865 -> -0.46,-0.32,8.73, -0.01,-0.13,0.00
16:05:31.912 -> -0.47,-0.33,8.73, -0.01,-0.13,0.00
16:05:31.959 -> -0.47,-0.33,8.73, -0.01,-0.13,0.00
16:05:32.006 -> -0.49,-0.33,8.73, -0.01,-0.13,0.00
16:05:32.053 -> -0.47,-0.32,8.73, -0.01,-0.13,0.00
16:05:32.100 -> -0.48,-0.34,8.72, -0.01,-0.13,0.00
16:05:32.147 -> -0.48,-0.35,8.73, -0.01,-0.13,0.00
16:05:32.194 -> -0.50,-0.33,8.75, -0.01,-0.13,0.00
16:05:32.241 -> -0.50,-0.33,8.71, -0.01,-0.13,0.00
16:05:32.288 -> -0.45,-0.34,8.71, -0.01,-0.13,0.00
16:05:32.334 -> -0.49,-0.33,8.70, -0.01,-0.13,0.00
16:05:32.381 -> -0.47,-0.32,8.72, -0.01,-0.13,0.00
16:05:32.475 -> -0.48,-0.33,8.73, -0.01,-0.13,0.00
16:05:32.522 -> -0.48,-0.34,8.72, -0.01,-0.13,0.00
16:05:32.569 -> -0.48,-0.33,8.74, -0.01,-0.13,0.00
16:05:32.616 -> -0.50,-0.33,8.73, -0.01,-0.13,0.00
16:05:32.663 -> -0.47,-0.32,8.74, -0.01,-0.13,0.00
16:05:32.709 -> -0.48,-0.32,8.74, -0.01,-0.13,0.00
16:05:32.756 -> -0.48,-0.32,8.73, -0.01,-0.13,0.00
16:05:32.803 -> -0.49,-0.34,8.75, -0.01,-0.13,0.00
16:05:32.850 -> -0.48,-0.34,8.74, -0.01,-0.13,0.00
16:05:32.897 -> -0.48,-0.31,8.72, -0.01,-0.13,0.00
16:05:32.944 -> -0.47,-0.34,8.74, -0.01,-0.13,0.00
16:05:32.991 -> -0.45,-0.32,8.71, -0.01,-0.13,0.00
16:05:33.038 -> -0.48,-0.33,8.71, -0.01,-0.13,0.00
16:05:33.084 -> -0.49,-0.33,8.71, -0.01,-0.13,0.00
16:05:33.131 -> -0.47,-0.32,8.72, -0.01,-0.13,0.00
16:05:33.226 -> -0.50,-0.34,8.72, -0.01,-0.13,0.00
16:05:33.274 -> -0.48,-0.35,8.71, -0.01,-0.13,0.00
16:05:33.321 -> -0.48,-0.32,8.72, -0.01,-0.13,0.00
16:05:33.369 -> -0.47,-0.33,8.74, -0.01,-0.13,0.00
16:05:33.416 -> -0.48,-0.31,8.71, -0.01,-0.13,0.00
16:05:33.464 -> -0.46,-0.33,8.71, -0.01,-0.13,0.00
16:05:33.511 -> -0.48,-0.34,8.72, -0.01,-0.13,0.00
16:05:33.558 -> -0.48,-0.32,8.74, -0.01,-0.13,0.00
16:05:33.605 -> -0.49,-0.32,8.74, -0.01,-0.13,0.00
16:05:33.652 -> -0.48,-0.32,8.74, -0.01,-0.13,0.00
16:05:33.698 -> -0.46,-0.32,8.72, -0.01,-0.13,0.00
16:05:33.745 -> -0.49,-0.31,8.71, -0.01,-0.13,0.00
16:05:33.792 -> -0.48,-0.33,8.71, -0.01,-0.13,0.00
16:05:33.839 -> -0.47,-0.32,8.72, -0.01,-0.13,0.00
16:05:33.886 -> -0.47,-0.33,8.74, -0.01,-0.13,0.00
16:05:33.933 -> -0.48,-0.33,8.71, -0.01,-0.13,0.00
16:05:34.026 -> -0.48,-0.33,8.71, -0.01,-0.13,0.00
16:05:34.073 -> -0.48,-0.33,8.72, -0.01,-0.13,0.00
16:05:34.120 -> -0.48,-0.32,8.72, -0.01,-0.13,0.00
16:05:34.167 -> -0.49,-0.33,8.74, -0.01,-0.13,0.00
16:05:34.214 -> -0.48,-0.34,8.75, -0.01,-0.13,0.00
16:05:34.261 -> -0.48,-0.32,8.74, -0.01,-0.13,0.00
16:05:34.308 -> -0.47,-0.33,8.74, -0.01,-0.13,0.00
16:05:34.355 -> -0.46,-0.33,8.73, -0.01,-0.13,0.00
16:05:34.401 -> -0.48,-0.34,8.75, -0.01,-0.13,0.00
16:05:34.448 -> -0.47,-0.33,8.71, -0.01,-0.13,0.00
16:05:34.495 -> -0.49,-0.34,8.75, -0.01,-0.13,0.00
16:05:34.542 -> -0.48,-0.34,8.72, -0.01,-0.13,0.00
16:05:34.590 -> -0.49,-0.33,8.73, -0.01,-0.13,0.00
16:05:34.633 -> -0.47,-0.34,8.71, -0.01,-0.13,0.00
16:05:34.727 -> -0.48,-0.33,8.71, -0.01,-0.13,0.00
16:05:34.774 -> -0.47,-0.33,8.70, -0.01,-0.13,0.00
16:05:34.822 -> -0.48,-0.33,8.73, -0.01,-0.13,0.00
16:05:34.869 -> -0.49,-0.32,8.73, -0.01,-0.13,0.00
16:05:34.916 -> -0.48,-0.34,8.75, -0.01,-0.13,0.00
16:05:34.963 -> -0.50,-0.34,8.74, -0.01,-0.13,0.00
16:05:35.011 -> -0.48,-0.34,8.76, -0.01,-0.13,0.00
16:05:35.058 -> -0.49,-0.34,8.72, -0.01,-0.13,0.00
16:05:35.105 -> -0.47,-0.33,8.74, -0.01,-0.13,0.00
16:05:35.152 -> -0.50,-0.32,8.72, -0.01,-0.13,0.00
16:05:35.199 -> -0.48,-0.33,8.72, -0.01,-0.13,0.00
16:05:35.233 -> -0.47,-0.32,8.76, -0.01,-0.13,0.00
16:05:35.281 -> -0.48,-0.34,8.74, -0.01,-0.13,0.00
16:05:35.375 -> -0.46,-0.33,8.73, -0.01,-0.13,0.00
16:05:35.422 -> -0.47,-0.33,8.72, -0.01,-0.13,0.00
16:05:35.470 -> -0.48,-0.34,8.74, -0.01,-0.13,0.00
16:05:35.517 -> -0.48,-0.33,8.72, -0.01,-0.13,0.00
16:05:35.564 -> -0.47,-0.33,8.73, -0.01,-0.13,0.00
16:05:35.611 -> -0.47,-0.34,8.73, -0.01,-0.13,0.00
16:05:35.657 -> -0.49,-0.34,8.73, -0.01,-0.13,0.00
16:05:35.705 -> -0.49,-0.34,8.71, -0.01,-0.13,0.00
16:05:35.751 -> -0.47,-0.32,8.73, -0.01,-0.13,0.00
16:05:35.798 -> -0.47,-0.33,8.71, -0.01,-0.13,0.00
16:05:35.845 -> -0.49,-0.32,8.74, -0.01,-0.13,0.00
16:05:35.892 -> -0.46,-0.31,8.75, -0.01,-0.13,0.00
16:05:35.939 -> -0.49,-0.33,8.70, -0.01,-0.13,0.00
16:05:35.986 -> -0.49,-0.33,8.72, -0.01,-0.13,0.00
16:05:36.032 -> -0.49,-0.34,8.74, -0.01,-0.13,0.00
16:05:36.126 -> -0.47,-0.32,8.73, -0.01,-0.13,0.00
16:05:36.173 -> -0.48,-0.33,8.71, -0.01,-0.13,0.00
16:05:36.220 -> -0.49,-0.33,8.72, -0.01,-0.13,0.00
16:05:36.267 -> -0.48,-0.32,8.72, -0.01,-0.13,0.00
16:05:36.314 -> -0.47,-0.33,8.73, -0.01,-0.13,0.00
16:05:36.361 -> -0.48,-0.34,8.72, -0.01,-0.13,0.00
16:05:36.408 -> -0.47,-0.31,8.71, -0.01,-0.13,0.00
16:05:36.454 -> -0.48,-0.33,8.73, -0.01,-0.13,0.00
16:05:36.501 -> -0.49,-0.33,8.73, -0.01,-0.13,0.01
16:05:36.548 -> -0.50,-0.32,8.73, -0.01,-0.13,0.00
16:05:36.595 -> -0.47,-0.32,8.73, -0.01,-0.13,0.00
16:05:36.642 -> -0.49,-0.33,8.72, -0.01,-0.13,0.00
16:05:36.689 -> -0.47,-0.31,8.73, -0.01,-0.13,0.00
16:05:36.737 -> -0.50,-0.32,8.74, -0.01,-0.13,0.00
16:05:36.784 -> -0.48,-0.32,8.73, -0.01,-0.13,0.00
16:05:36.831 -> -0.48,-0.33,8.72, -0.01,-0.13,0.00
16:05:36.925 -> -0.49,-0.31,8.79, -0.01,-0.13,0.00
16:05:36.972 -> -0.46,-0.34,8.76, -0.01,-0.13,0.00
16:05:37.019 -> -0.49,-0.33,8.72, -0.01,-0.13,0.00
16:05:37.066 -> -0.50,-0.32,8.72, -0.01,-0.13,0.00
16:05:37.113 -> -0.49,-0.33,8.74, -0.01,-0.13,0.00
16:05:37.160 -> -0.50,-0.31,8.72, -0.01,-0.13,0.00
16:05:37.206 -> -0.49,-0.33,8.73, -0.01,-0.13,0.00
16:05:37.253 -> -0.48,-0.33,8.72, -0.01,-0.13,0.00
16:05:37.300 -> -0.47,-0.33,8.71, -0.01,-0.13,0.01
16:05:37.347 -> -0.49,-0.34,8.71, -0.01,-0.13,0.01
16:05:37.394 -> -0.48,-0.33,8.73, -0.01,-0.13,0.00
16:05:37.441 -> -0.48,-0.33,8.75, -0.01,-0.13,0.00
16:05:37.488 -> -0.47,-0.32,8.75, -0.01,-0.13,0.00
16:05:37.534 -> -0.48,-0.33,8.73, -0.01,-0.13,0.00
16:05:37.581 -> -0.48,-0.34,8.74, -0.01,-0.13,0.00
16:05:37.675 -> -0.49,-0.31,8.71, -0.01,-0.13,0.00
16:05:37.722 -> -0.48,-0.34,8.71, -0.01,-0.13,0.00
16:05:37.769 -> -0.48,-0.31,8.74, -0.01,-0.13,0.00
16:05:37.817 -> -0.48,-0.31,8.71, -0.01,-0.13,0.00
16:05:37.864 -> -0.49,-0.32,8.71, -0.01,-0.13,0.00
16:05:37.910 -> -0.48,-0.32,8.73, -0.01,-0.13,0.00
16:05:37.957 -> -0.48,-0.34,8.74, -0.01,-0.13,0.00
16:05:38.005 -> -0.50,-0.33,8.76, -0.01,-0.13,0.00
16:05:38.052 -> -0.51,-0.33,8.73, -0.01,-0.13,0.00
16:05:38.099 -> -0.46,-0.33,8.73, -0.01,-0.13,0.00
16:05:38.146 -> -0.48,-0.33,8.72, -0.01,-0.13,0.00
16:05:38.193 -> -0.47,-0.34,8.72, -0.01,-0.13,0.00
16:05:38.240 -> -0.49,-0.32,8.74, -0.01,-0.13,0.00
16:05:38.287 -> -0.49,-0.33,8.73, -0.01,-0.13,0.00
16:05:38.333 -> -0.48,-0.33,8.73, -0.01,-0.13,0.00
16:05:38.427 -> -0.48,-0.33,8.74, -0.01,-0.13,0.00
16:05:38.474 -> -0.48,-0.32,8.74, -0.01,-0.13,0.00
16:05:38.521 -> -0.51,-0.32,8.73, -0.01,-0.13,0.00
16:05:38.568 -> -0.47,-0.31,8.71, -0.01,-0.13,0.00
16:05:38.615 -> -0.48,-0.34,8.70, -0.01,-0.13,0.00
16:05:38.661 -> -0.48,-0.33,8.74, -0.01,-0.13,0.00
16:05:38.708 -> -0.48,-0.31,8.75, -0.01,-0.13,0.00
16:05:38.755 -> -0.48,-0.31,8.72, -0.01,-0.13,0.00
16:05:38.802 -> -0.48,-0.33,8.73, -0.01,-0.13,0.00
16:05:38.849 -> -0.48,-0.33,8.71, -0.01,-0.13,0.00
16:05:38.896 -> -0.48,-0.30,8.72, -0.01,-0.13,0.00
16:05:38.943 -> -0.47,-0.34,8.71, -0.01,-0.13,0.00
16:05:38.990 -> -0.48,-0.32,8.72, -0.01,-0.13,0.00
16:05:39.037 -> -0.50,-0.33,8.73, -0.01,-0.13,0.00
16:05:39.083 -> -0.48,-0.33,8.75, -0.01,-0.13,0.00
16:05:39.177 -> -0.49,-0.32,8.73, -0.01,-0.13,0.00
16:05:39.224 -> -0.49,-0.33,8.71, -0.01,-0.13,0.00
16:05:39.271 -> -0.49,-0.32,8.72, -0.01,-0.13,0.00
16:05:39.318 -> -0.49,-0.32,8.71, -0.01,-0.13,0.00
16:05:39.365 -> -0.49,-0.35,8.73, -0.01,-0.13,0.00
16:05:39.411 -> -0.48,-0.33,8.72, -0.01,-0.13,0.00
16:05:39.458 -> -0.47,-0.32,8.73, -0.01,-0.13,0.00
16:05:39.505 -> -0.47,-0.33,8.72, -0.01,-0.13,0.00
16:05:39.552 -> -0.49,-0.31,8.74, -0.01,-0.13,0.00
16:05:39.599 -> -0.47,-0.31,8.72, -0.01,-0.13,0.00
16:05:39.646 -> -0.49,-0.32,8.73, -0.01,-0.13,0.00
16:05:39.693 -> -0.48,-0.29,8.72, -0.01,-0.13,0.00
16:05:39.740 -> -0.48,-0.32,8.72, -0.01,-0.13,0.00
16:05:39.786 -> -0.49,-0.32,8.73, -0.01,-0.13,0.00
16:05:39.833 -> -0.49,-0.33,8.74, -0.01,-0.13,0.00
16:05:39.927 -> -0.48,-0.30,8.72, -0.01,-0.13,0.00
16:05:39.974 -> -0.49,-0.32,8.71, -0.01,-0.13,0.00
16:05:40.022 -> -0.47,-0.33,8.73, -0.01,-0.13,0.00
16:05:40.069 -> -0.49,-0.31,8.72, -0.01,-0.13,0.00
16:05:40.116 -> -0.47,-0.33,8.72, -0.01,-0.13,0.00
16:05:40.162 -> -0.48,-0.33,8.73, -0.01,-0.13,0.00
16:05:40.209 -> -0.48,-0.33,8.74, -0.01,-0.13,0.00
16:05:40.256 -> -0.48,-0.33,8.72, -0.01,-0.13,0.00
16:05:40.303 -> -0.48,-0.31,8.73, -0.01,-0.13,0.00
16:05:40.350 -> -0.49,-0.33,8.72, -0.01,-0.13,0.00
16:05:40.397 -> -0.46,-0.32,8.73, -0.01,-0.13,0.00
16:05:40.444 -> -0.50,-0.32,8.74, -0.01,-0.13,0.00
16:05:40.491 -> -0.46,-0.33,8.75, -0.01,-0.13,0.00
16:05:40.537 -> -0.47,-0.30,8.72, -0.01,-0.13,0.00
16:05:40.584 -> -0.48,-0.31,8.73, -0.01,-0.13,0.00
16:05:40.631 -> -0.48,-0.32,8.71, -0.01,-0.13,0.00
16:05:40.725 -> -0.49,-0.33,8.71, -0.01,-0.13,0.00
16:05:40.772 -> -0.47,-0.33,8.73, -0.01,-0.13,0.00
16:05:40.819 -> -0.48,-0.33,8.73, -0.01,-0.13,0.00
16:05:40.865 -> -0.47,-0.33,8.71, -0.01,-0.13,0.00
16:05:40.912 -> -0.50,-0.31,8.74, -0.01,-0.13,0.00
16:05:40.959 -> -0.48,-0.31,8.73, -0.01,-0.13,0.00
16:05:41.006 -> -0.49,-0.33,8.73, -0.01,-0.13,0.00
16:05:41.053 -> -0.45,-0.33,8.74, -0.01,-0.13,0.00
16:05:41.100 -> -0.47,-0.32,8.73, -0.01,-0.13,0.00
16:05:41.146 -> -0.49,-0.32,8.70, -0.01,-0.13,0.00
16:05:41.194 -> -0.49,-0.33,8.72, -0.01,-0.13,0.00
16:05:41.240 -> -0.49,-0.33,8.72, -0.01,-0.13,0.00
16:05:41.287 -> -0.48,-0.33,8.73, -0.01,-0.13,0.00
16:05:41.334 -> -0.47,-0.34,8.72, -0.01,-0.13,0.00
16:05:41.381 -> -0.47,-0.31,8.72, -0.01,-0.13,0.00
16:05:41.475 -> -0.47,-0.33,8.74, -0.01,-0.13,0.00
16:05:41.522 -> -0.48,-0.32,8.72, -0.01,-0.13,0.00
16:05:41.568 -> -0.47,-0.33,8.74, -0.01,-0.13,0.00
16:05:41.615 -> -0.48,-0.32,8.71, -0.01,-0.13,0.00
16:05:41.662 -> -0.48,-0.34,8.73, -0.01,-0.13,0.00
16:05:41.709 -> -0.49,-0.33,8.71, -0.01,-0.13,0.00
16:05:41.757 -> -0.48,-0.32,8.70, -0.01,-0.13,0.00
16:05:41.804 -> -0.47,-0.33,8.70, -0.01,-0.13,0.00
16:05:41.851 -> -0.49,-0.34,8.73, -0.01,-0.13,0.00
16:05:41.898 -> -0.47,-0.33,8.70, -0.01,-0.13,0.00
16:05:41.945 -> -0.48,-0.33,8.71, -0.01,-0.13,0.00
16:05:41.992 -> -0.48,-0.33,8.73, -0.01,-0.13,0.00
16:05:42.039 -> -0.47,-0.33,8.73, -0.01,-0.13,0.00
16:05:42.086 -> -0.48,-0.31,8.74, -0.01,-0.13,0.00
16:05:42.133 -> -0.49,-0.31,8.74, -0.02,-0.13,0.00
16:05:42.227 -> -0.48,-0.34,8.73, -0.01,-0.13,0.00
16:05:42.273 -> -0.48,-0.33,8.73, -0.01,-0.13,0.00
16:05:42.322 -> -0.48,-0.34,8.70, -0.01,-0.13,0.00
16:05:42.368 -> -0.49,-0.32,8.71, -0.01,-0.13,0.00
16:05:42.415 -> -0.47,-0.33,8.72, -0.01,-0.13,0.00
16:05:42.462 -> -0.48,-0.32,8.73, -0.01,-0.13,0.00
16:05:42.509 -> -0.46,-0.33,8.73, -0.01,-0.13,0.00
16:05:42.556 -> -0.48,-0.32,8.73, -0.01,-0.13,0.00
16:05:42.603 -> -0.48,-0.32,8.74, -0.01,-0.13,0.00
16:05:42.650 -> -0.49,-0.32,8.72, -0.01,-0.13,0.00
16:05:42.696 -> -0.48,-0.33,8.73, -0.01,-0.13,0.00
16:05:42.743 -> -0.48,-0.33,8.71, -0.01,-0.13,0.00
16:05:42.790 -> -0.47,-0.33,8.71, -0.01,-0.13,0.00
16:05:42.837 -> -0.49,-0.31,8.72, -0.01,-0.13,0.00
16:05:42.884 -> -0.47,-0.32,8.72, -0.01,-0.13,0.00
16:05:42.978 -> -0.45,-0.32,8.71, -0.01,-0.13,0.00
16:05:43.024 -> -0.46,-0.31,8.75, -0.01,-0.13,0.00
16:05:43.071 -> -0.47,-0.32,8.71, -0.01,-0.13,0.00
16:05:43.118 -> -0.48,-0.33,8.72, -0.01,-0.13,0.00
16:05:43.165 -> -0.48,-0.30,8.74, -0.01,-0.13,0.00
16:05:43.212 -> -0.46,-0.31,8.71, -0.01,-0.13,0.00
16:05:43.259 -> -0.47,-0.34,8.72, -0.01,-0.13,0.00
16:05:43.306 -> -0.48,-0.32,8.73, -0.01,-0.13,0.00
16:05:43.353 -> -0.49,-0.34,8.72, -0.01,-0.13,0.00
16:05:43.399 -> -0.48,-0.31,8.71, -0.01,-0.13,0.00
16:05:43.446 -> -0.47,-0.33,8.72, -0.01,-0.13,0.00
16:05:43.493 -> -0.49,-0.33,8.73, -0.01,-0.13,0.00
16:05:43.540 -> -0.48,-0.32,8.72, -0.01,-0.13,0.00
16:05:43.587 -> -0.48,-0.32,8.72, -0.01,-0.13,0.00
16:05:43.634 -> -0.47,-0.34,8.74, -0.01,-0.13,0.00
16:05:43.681 -> -0.47,-0.34,8.72, -0.01,-0.13,0.00
16:05:43.774 -> -0.48,-0.32,8.71, -0.01,-0.13,0.00
16:05:43.821 -> -0.50,-0.32,8.72, -0.01,-0.13,0.00
16:05:43.868 -> -0.47,-0.33,8.73, -0.01,-0.13,0.00
16:05:43.915 -> -0.48,-0.33,8.72, -0.01,-0.13,0.00
16:05:43.962 -> -0.48,-0.32,8.76, -0.01,-0.13,0.00
16:05:44.009 -> -0.47,-0.34,8.72, -0.01,-0.13,0.00
16:05:44.056 -> -0.49,-0.33,8.74, -0.01,-0.13,0.00
16:05:44.102 -> -0.47,-0.31,8.74, -0.01,-0.13,0.00
16:05:44.151 -> -0.48,-0.32,8.74, -0.01,-0.13,0.00
16:05:44.197 -> -0.48,-0.33,8.72, -0.01,-0.13,0.00
16:05:44.245 -> -0.49,-0.35,8.74, -0.01,-0.13,0.00
16:05:44.292 -> -0.46,-0.32,8.74, -0.01,-0.13,0.00
16:05:44.340 -> -0.47,-0.30,8.74, -0.01,-0.12,0.01
16:05:44.387 -> -0.47,-0.32,8.71, -0.01,-0.12,0.02
16:05:44.434 -> -0.49,-0.36,8.72, -0.02,-0.13,0.04
16:05:44.481 -> -0.48,-0.32,8.75, -0.02,-0.13,0.00
16:05:44.575 -> -0.47,-0.34,8.70, -0.01,-0.13,-0.00
16:05:44.621 -> -0.47,-0.31,8.71, -0.01,-0.13,-0.00
16:05:44.668 -> -0.45,-0.33,8.73, -0.01,-0.13,0.01
16:05:44.715 -> -0.46,-0.27,8.73, -0.01,-0.13,0.01
16:05:44.762 -> -0.47,-0.28,8.71, -0.02,-0.13,0.01
16:05:44.809 -> -0.47,-0.31,8.73, -0.01,-0.13,0.01
16:05:44.856 -> -0.52,-0.35,8.73, -0.02,-0.13,0.02
16:05:44.903 -> -0.49,-0.30,8.75, -0.03,-0.12,0.05
16:05:44.950 -> -0.48,-0.32,8.75, -0.02,-0.13,0.02
16:05:44.996 -> -0.48,-0.32,8.72, -0.03,-0.12,0.02
16:05:45.043 -> -0.48,-0.35,8.72, -0.03,-0.13,0.03
16:05:45.090 -> -0.47,-0.40,8.71, -0.01,-0.13,0.00
16:05:45.137 -> -0.48,-0.36,8.72, -0.01,-0.13,-0.00
16:05:45.184 -> -0.46,-0.32,8.71, -0.01,-0.13,-0.00
16:05:45.231 -> -0.47,-0.32,8.73, -0.01,-0.13,0.00
16:05:45.324 -> -0.50,-0.34,8.73, -0.01,-0.13,0.00
16:05:45.371 -> -0.50,-0.33,8.73, -0.01,-0.13,0.00
16:05:45.418 -> -0.49,-0.32,8.71, -0.01,-0.13,0.00
16:05:45.465 -> -0.49,-0.33,8.72, -0.02,-0.13,0.00
16:05:45.512 -> -0.49,-0.33,8.74, -0.01,-0.13,0.00
16:05:45.559 -> -0.48,-0.33,8.71, -0.01,-0.13,0.00
16:05:45.606 -> -0.48,-0.33,8.72, -0.01,-0.13,0.00
16:05:45.652 -> -0.48,-0.32,8.74, -0.01,-0.13,0.01
16:05:45.699 -> -0.53,-0.35,8.71, -0.01,-0.13,0.01
16:05:45.746 -> -0.48,-0.32,8.75, -0.01,-0.13,0.00
16:05:45.793 -> -0.51,-0.31,8.75, -0.02,-0.13,0.00
16:05:45.840 -> -0.50,-0.34,8.72, -0.02,-0.12,0.00
16:05:45.887 -> -0.48,-0.34,8.75, -0.02,-0.13,0.00
16:05:45.933 -> -0.50,-0.33,8.71, -0.01,-0.13,0.00
16:05:45.981 -> -0.47,-0.34,8.71, -0.01,-0.13,0.00
16:05:46.074 -> -0.48,-0.34,8.74, -0.01,-0.13,0.00
16:05:46.121 -> -0.49,-0.33,8.75, -0.01,-0.13,0.01
16:05:46.168 -> -0.49,-0.31,8.71, -0.01,-0.13,0.01
16:05:46.215 -> -0.54,-0.45,8.73, -0.02,-0.13,0.02
16:05:46.262 -> -0.49,-0.33,8.73, -0.01,-0.13,0.01
16:05:46.309 -> -0.50,-0.33,8.74, -0.01,-0.13,0.01
16:05:46.355 -> -0.46,-0.35,8.71, -0.01,-0.13,0.00
16:05:46.402 -> -0.47,-0.34,8.75, -0.01,-0.13,0.00
16:05:46.449 -> -0.49,-0.34,8.75, -0.01,-0.13,-0.00
16:05:46.496 -> -0.47,-0.31,8.70, -0.01,-0.13,0.00
16:05:46.543 -> -0.51,-0.32,8.74, -0.01,-0.13,0.01
16:05:46.590 -> -0.50,-0.34,8.76, -0.01,-0.13,0.00
16:05:46.637 -> -0.48,-0.34,8.72, -0.01,-0.13,0.00
16:05:46.683 -> -0.49,-0.33,8.75, -0.01,-0.13,0.01
16:05:46.732 -> -0.50,-0.33,8.71, -0.01,-0.13,0.00
16:05:46.826 -> -0.51,-0.36,8.71, -0.01,-0.13,0.00
16:05:46.873 -> -0.50,-0.33,8.74, -0.01,-0.13,0.00
16:05:46.919 -> -0.47,-0.33,8.73, -0.01,-0.13,0.00
16:05:46.967 -> -0.49,-0.34,8.72, -0.01,-0.13,0.00
16:05:47.014 -> -0.49,-0.34,8.72, -0.02,-0.13,0.01
16:05:47.061 -> -0.48,-0.33,8.73, -0.01,-0.13,0.00
16:05:47.108 -> -0.50,-0.32,8.73, -0.01,-0.13,0.00
16:05:47.155 -> -0.49,-0.34,8.72, -0.01,-0.13,0.00
16:05:47.201 -> -0.48,-0.33,8.72, -0.01,-0.13,0.01
16:05:47.248 -> -0.45,-0.33,8.74, -0.01,-0.13,0.01
16:05:47.295 -> -0.51,-0.33,8.75, -0.01,-0.13,0.01
16:05:47.342 -> -0.48,-0.33,8.72, -0.01,-0.13,0.01
16:05:47.389 -> -0.48,-0.34,8.70, -0.01,-0.13,0.00
16:05:47.436 -> -0.50,-0.32,8.73, -0.01,-0.13,0.00
16:05:47.482 -> -0.48,-0.32,8.74, -0.01,-0.13,0.00
16:05:47.576 -> -0.49,-0.33,8.72, -0.01,-0.13,0.00
16:05:47.623 -> -0.48,-0.34,8.72, -0.01,-0.13,0.00
16:05:47.670 -> -0.48,-0.32,8.70, -0.01,-0.13,0.00
16:05:47.717 -> -0.50,-0.33,8.73, -0.01,-0.13,0.00
16:05:47.764 -> -0.50,-0.33,8.75, -0.02,-0.13,0.00
16:05:47.811 -> -0.49,-0.31,8.75, -0.01,-0.13,0.00
16:05:47.858 -> -0.49,-0.32,8.75, -0.00,-0.13,-0.00
16:05:47.904 -> -0.51,-0.33,8.76, -0.01,-0.13,0.00
16:05:47.951 -> -0.47,-0.33,8.74, -0.02,-0.12,0.01
16:05:47.998 -> -0.49,-0.32,8.71, -0.02,-0.12,0.02
16:05:48.045 -> -0.51,-0.35,8.71, -0.01,-0.14,0.01
16:05:48.092 -> -0.49,-0.33,8.72, -0.01,-0.13,0.00
16:05:48.139 -> -0.51,-0.32,8.75, -0.01,-0.13,-0.00
16:05:48.186 -> -0.47,-0.31,8.71, -0.01,-0.13,-0.01
16:05:48.232 -> -0.51,-0.33,8.74, -0.02,-0.12,0.00
16:05:48.313 -> -0.49,-0.34,8.73, -0.02,-0.12,0.01
16:05:48.359 -> -0.51,-0.30,8.80, -0.02,-0.12,0.02
16:05:48.406 -> -0.48,-0.31,8.73, -0.00,-0.13,0.01
16:05:48.453 -> -0.50,-0.33,8.71, -0.01,-0.14,0.00
16:05:48.501 -> -0.47,-0.36,8.73, -0.01,-0.14,-0.02
16:05:48.548 -> -0.51,-0.34,8.71, -0.02,-0.13,0.00
16:05:48.595 -> -0.48,-0.31,8.75, -0.02,-0.12,0.01
16:05:48.641 -> -0.47,-0.25,8.75, -0.02,-0.12,0.03
16:05:48.688 -> -0.51,-0.30,8.78, 0.00,-0.15,0.00
16:05:48.735 -> -0.52,-0.31,8.76, -0.01,-0.14,0.00
16:05:48.782 -> -0.47,-0.35,8.68, -0.01,-0.15,-0.01
16:05:48.876 -> -0.41,-0.32,8.68, -0.01,-0.14,-0.01
16:05:48.923 -> -0.44,-0.34,8.66, -0.01,-0.13,0.01
16:05:48.970 -> -0.54,-0.24,8.72, -0.02,-0.12,0.03
16:05:49.017 -> -0.58,-0.23,8.81, 0.00,-0.13,0.01
