15:41:59.501 -> -0.36,-0.10,8.78, -0.02,-0.1-0.34,-0.19,8.75, -0.03,-0.13,0.15
15:41:59.548 -> -0.35,-0.26,8.77, -0.02,-0.13,0.01
15:41:59.595 -> -0.35,-0.23,8.75, -0.01,-0.13,0.00
15:41:59.642 -> -0.36,-0.23,8.75, -0.01,-0.13,0.00
15:41:59.689 -> -0.37,-0.23,8.79, -0.01,-0.13,0.00
15:41:59.736 -> -0.36,-0.23,8.77, -0.01,-0.13,0.00
15:41:59.782 -> -0.35,-0.24,8.78, -0.02,-0.13,0.00
15:41:59.829 -> -0.36,-0.24,8.77, -0.01,-0.13,0.00
15:41:59.923 -> -0.35,-0.23,8.75, -0.01,-0.13,0.00
15:41:59.970 -> -0.35,-0.21,8.79, -0.02,-0.13,0.00
15:42:00.017 -> -0.34,-0.11,8.80, -0.01,-0.14,0.08
15:42:00.064 -> -0.35,-0.22,8.78, -0.03,-0.14,0.15
15:42:00.111 -> -0.34,-0.29,8.76, -0.03,-0.13,0.12
15:42:00.158 -> -0.35,-0.24,8.76, -0.01,-0.13,0.00
15:42:00.204 -> -0.35,-0.20,8.74, -0.02,-0.12,0.01
15:42:00.251 -> -1.16,-0.25,8.67, -0.09,-0.12,0.63
15:42:00.298 -> -0.68,-0.25,8.71, -0.09,-0.09,-0.04
15:42:00.345 -> -0.32,-0.22,8.82, 0.02,-0.13,-0.15
15:42:00.393 -> -0.33,-0.32,8.76, 0.05,-0.15,-0.15
15:42:00.440 -> -0.17,0.02,8.78, -0.02,-0.14,0.08
15:42:00.487 -> -0.45,-0.53,8.85, -0.00,-0.13,0.05
15:42:00.533 -> -0.34,-0.19,8.76, -0.00,-0.13,0.01
15:42:00.581 -> -0.37,-0.23,8.81, -0.01,-0.13,0.00
15:42:00.675 -> -0.35,-0.23,8.75, -0.02,-0.13,0.00
15:42:00.722 -> -0.38,-0.24,8.74, -0.01,-0.13,0.00
15:42:00.769 -> -0.34,-0.24,8.77, -0.01,-0.13,0.00
15:42:00.815 -> -0.37,-0.26,8.76, -0.01,-0.13,0.00
15:42:00.862 -> -0.36,-0.23,8.76, -0.01,-0.13,0.00
15:42:00.909 -> -0.36,-0.23,8.81, -0.01,-0.13,0.00
15:42:00.956 -> -0.49,-0.16,8.69, -0.01,-0.13,0.06
15:42:01.003 -> 0.15,0.32,8.90, -0.02,-0.14,0.17
15:42:01.050 -> -0.35,-0.22,8.75, 0.01,-0.14,0.01
15:42:01.097 -> -0.34,-0.23,8.76, -0.02,-0.13,-0.00
15:42:01.144 -> -0.34,-0.35,8.73, -0.00,-0.10,-0.03
15:42:01.192 -> -0.39,-0.18,8.81, -0.01,-0.11,-0.07
15:42:01.238 -> -0.37,-0.25,8.77, -0.03,-0.13,-0.00
15:42:01.285 -> -0.37,-0.25,8.76, -0.01,-0.13,-0.05
15:42:01.332 -> -0.38,-0.24,8.76, -0.01,-0.13,0.01
15:42:01.379 -> -0.39,-0.25,8.76, -0.00,-0.14,0.01
15:42:01.473 -> -0.36,-0.23,8.73, -0.01,-0.14,0.01
15:42:01.520 -> -0.36,-0.24,8.77, -0.01,-0.13,0.01
15:42:01.566 -> -0.39,-0.25,8.75, -0.01,-0.13,0.00
15:42:01.613 -> -0.36,-0.24,8.78, -0.02,-0.13,0.00
15:42:01.660 -> -0.37,-0.27,8.78, -0.03,-0.13,-0.02
15:42:01.707 -> -0.37,-0.25,8.78, -0.01,-0.13,-0.00
15:42:01.754 -> -0.34,-0.24,8.78, -0.01,-0.13,0.00
15:42:01.801 -> -0.34,-0.29,8.74, -0.02,-0.13,-0.03
15:42:01.848 -> -0.36,-0.24,8.79, -0.00,-0.13,0.01
15:42:01.895 -> -0.35,-0.25,8.77, -0.02,-0.13,0.00
15:42:01.941 -> -0.36,-0.21,8.82, -0.02,-0.13,-0.01
15:42:01.988 -> -0.35,-0.23,8.78, -0.02,-0.13,0.00
15:42:02.035 -> -0.35,-0.26,8.77, -0.01,-0.13,0.00
15:42:02.082 -> -0.35,-0.24,8.77, -0.01,-0.13,0.00
15:42:02.129 -> -0.36,-0.24,8.78, -0.01,-0.13,0.00
15:42:02.224 -> -0.36,-0.23,8.77, -0.02,-0.13,-0.01
15:42:02.271 -> -0.36,-0.24,8.75, -0.02,-0.13,0.00
15:42:02.318 -> -0.34,-0.26,8.76, -0.02,-0.13,0.00
15:42:02.365 -> -0.36,-0.26,8.78, -0.01,-0.13,0.00
15:42:02.412 -> -0.35,-0.25,8.77, -0.01,-0.13,0.00
15:42:02.459 -> -0.36,-0.27,8.79, -0.01,-0.13,0.01
15:42:02.506 -> -0.35,-0.25,8.78, -0.02,-0.13,0.00
15:42:02.553 -> -0.36,-0.26,8.77, -0.02,-0.13,-0.00
15:42:02.600 -> -0.34,-0.27,8.78, -0.01,-0.13,0.01
15:42:02.647 -> -0.34,-0.24,8.78, -0.01,-0.13,0.00
15:42:02.694 -> -0.35,-0.25,8.76, -0.02,-0.13,0.00
15:42:02.741 -> -0.35,-0.24,8.78, -0.01,-0.13,0.00
15:42:02.787 -> -0.35,-0.25,8.75, -0.01,-0.13,0.00
15:42:02.834 -> -0.36,-0.25,8.77, -0.01,-0.13,0.00
15:42:02.881 -> -0.34,-0.26,8.79, -0.02,-0.13,0.00
15:42:02.975 -> -0.34,-0.25,8.80, -0.01,-0.13,0.00
15:42:03.022 -> -0.34,-0.25,8.80, -0.02,-0.13,0.00
15:42:03.069 -> -0.35,-0.26,8.82, -0.02,-0.13,-0.00
15:42:03.115 -> -0.35,-0.27,8.79, -0.01,-0.13,0.01
15:42:03.162 -> -0.34,-0.26,8.78, -0.02,-0.13,0.00
15:42:03.209 -> -0.34,-0.24,8.77, -0.02,-0.13,-0.00
15:42:03.256 -> -0.34,-0.26,8.77, -0.02,-0.13,0.00
15:42:03.303 -> -0.35,-0.25,8.75, -0.02,-0.13,0.00
15:42:03.350 -> -0.34,-0.29,8.81, -0.01,-0.13,0.00
15:42:03.397 -> -0.34,-0.28,8.78, -0.01,-0.13,0.01
15:42:03.444 -> -0.35,-0.25,8.78, -0.01,-0.13,0.00
15:42:03.490 -> -0.33,-0.26,8.78, -0.01,-0.13,0.00
15:42:03.537 -> -0.36,-0.25,8.77, -0.02,-0.13,0.00
15:42:03.584 -> -0.33,-0.26,8.77, -0.01,-0.13,-0.00
15:42:03.631 -> -0.35,-0.26,8.77, -0.02,-0.13,-0.00
15:42:03.725 -> -0.36,-0.26,8.78, -0.01,-0.13,0.01
15:42:03.772 -> -0.34,-0.27,8.75, -0.01,-0.13,0.00
15:42:03.818 -> -0.34,-0.27,8.75, -0.02,-0.13,-0.00
15:42:03.865 -> -0.34,-0.24,8.75, -0.02,-0.13,-0.01
15:42:03.912 -> -0.34,-0.28,8.78, -0.01,-0.13,0.01
15:42:03.959 -> -0.34,-0.26,8.77, -0.00,-0.13,0.01
15:42:04.006 -> -0.35,-0.26,8.77, -0.01,-0.13,0.01
15:42:04.053 -> -0.34,-0.26,8.79, -0.02,-0.13,0.00
15:42:04.100 -> -0.35,-0.26,8.79, -0.02,-0.13,0.00
15:42:04.146 -> -0.35,-0.26,8.80, -0.02,-0.12,0.00
15:42:04.193 -> -0.33,-0.28,8.76, -0.02,-0.13,0.00
15:42:04.240 -> -0.34,-0.27,8.78, -0.02,-0.13,0.00
15:42:04.287 -> -0.35,-0.28,8.79, -0.01,-0.13,0.00
15:42:04.334 -> -0.34,-0.26,8.78, -0.01,-0.13,0.00
15:42:04.381 -> -0.35,-0.28,8.76, -0.01,-0.13,0.01
15:42:04.475 -> -0.33,-0.26,8.78, -0.01,-0.13,0.01
15:42:04.521 -> -0.33,-0.25,8.77, -0.01,-0.13,0.00
15:42:04.568 -> -0.32,-0.27,8.77, -0.01,-0.13,0.01
15:42:04.615 -> -0.35,-0.24,8.76, -0.03,-0.13,0.00
15:42:04.662 -> -0.33,-0.27,8.79, -0.03,-0.13,0.00
15:42:04.709 -> -0.35,-0.28,8.77, -0.02,-0.12,0.00
15:42:04.756 -> -0.35,-0.27,8.77, -0.02,-0.12,0.01
15:42:04.802 -> -0.38,-0.31,8.83, -0.03,-0.16,-0.01
15:42:04.849 -> -0.67,-2.43,8.73, 0.03,-0.06,-0.25
15:42:04.896 -> -0.39,-3.50,8.76, -0.08,-0.12,-0.08
15:42:04.943 -> -0.67,-4.05,8.66, -0.02,-0.15,-0.08
15:42:04.990 -> -0.30,-3.00,8.69, 0.01,-0.16,-0.49
15:42:05.037 -> -0.51,-2.09,8.70, 0.03,-0.12,-0.56
15:42:05.084 -> -0.60,-1.71,8.77, 0.03,-0.13,-0.46
15:42:05.130 -> 0.52,0.61,8.76, -0.01,-0.12,-0.25
15:42:05.224 -> -0.31,0.57,8.80, 0.02,-0.13,-0.28
15:42:05.271 -> 0.22,1.62,8.82, -0.06,-0.14,0.11
15:42:05.318 -> 0.05,1.61,8.88, 0.01,-0.15,0.01
15:42:05.365 -> -0.83,1.63,8.71, -0.10,-0.16,0.59
15:42:05.412 -> -1.84,0.55,8.64, 0.01,-0.10,-0.17
15:42:05.459 -> -0.65,2.04,8.82, -0.00,-0.12,-0.04
15:42:05.505 -> 0.21,1.63,8.84, -0.02,-0.13,0.02
15:42:05.552 -> -0.75,0.89,8.78, -0.01,-0.14,0.06
15:42:05.599 -> -0.40,0.16,8.82, -0.04,-0.14,-0.05
15:42:05.646 -> -0.33,-0.39,8.77, -0.18,-0.11,-0.04
15:42:05.693 -> -0.25,-0.51,8.80, -0.08,-0.11,-0.01
15:42:05.740 -> -0.34,-0.47,8.76, 0.05,-0.13,0.03
15:42:05.787 -> -0.33,-0.42,8.77, 0.06,-0.13,0.02
15:42:05.834 -> -0.33,-0.39,8.78, -0.01,-0.13,0.00
15:42:05.880 -> -0.33,-0.45,8.74, -0.02,-0.13,-0.00
15:42:05.974 -> -0.36,-0.42,8.75, 0.00,-0.12,0.01
15:42:06.021 -> -0.33,-0.39,8.78, -0.01,-0.13,0.00
15:42:06.068 -> -0.31,-0.41,8.77, -0.03,-0.13,0.00
15:42:06.115 -> -0.35,-0.44,8.77, -0.01,-0.13,-0.00
15:42:06.162 -> -0.34,-0.41,8.75, 0.03,-0.13,0.01
15:42:06.209 -> -0.34,-0.37,8.76, 0.01,-0.13,0.01
15:42:06.256 -> -0.34,-0.38,8.78, -0.02,-0.13,0.00
15:42:06.303 -> -0.34,-0.39,8.76, -0.03,-0.13,0.00
15:42:06.350 -> -0.34,-0.41,8.77, -0.02,-0.13,-0.00
15:42:06.397 -> -0.35,-0.42,8.79, -0.00,-0.13,0.00
15:42:06.445 -> -0.34,-0.42,8.78, -0.01,-0.13,-0.00
15:42:06.491 -> -0.33,-0.39,8.78, -0.02,-0.13,0.00
15:42:06.538 -> -0.33,-0.40,8.78, -0.02,-0.13,0.00
15:42:06.585 -> -0.34,-0.41,8.77, -0.02,-0.13,-0.00
15:42:06.632 -> -0.33,-0.39,8.78, 0.00,-0.13,0.00
15:42:06.679 -> -0.34,-0.38,8.81, 0.01,-0.13,0.01
15:42:06.773 -> -0.34,-0.38,8.77, -0.02,-0.13,0.01
15:42:06.820 -> -0.34,-0.40,8.79, -0.03,-0.13,-0.00
15:42:06.867 -> -0.34,-0.42,8.76, -0.01,-0.13,0.01
15:42:06.915 -> -0.34,-0.37,8.75, 0.00,-0.13,0.01
15:42:06.961 -> -0.35,-0.37,8.77, -0.01,-0.13,0.00
15:42:07.008 -> -0.33,-0.40,8.76, -0.03,-0.13,-0.00
15:42:07.055 -> -0.34,-0.40,8.79, -0.01,-0.13,0.00
15:42:07.102 -> -0.35,-0.39,8.79, -0.01,-0.13,0.01
15:42:07.149 -> -0.34,-0.39,8.75, -0.01,-0.13,0.00
15:42:07.196 -> -0.34,-0.38,8.75, -0.02,-0.13,0.01
15:42:07.244 -> -0.34,-0.40,8.77, -0.02,-0.13,0.00
15:42:07.291 -> -0.34,-0.41,8.75, -0.01,-0.13,0.01
15:42:07.338 -> -0.34,-0.38,8.77, 0.00,-0.13,0.01
15:42:07.385 -> -0.34,-0.36,8.79, -0.01,-0.13,0.00
15:42:07.432 -> -0.34,-0.39,8.74, -0.02,-0.13,0.00
15:42:07.479 -> -0.33,-0.37,8.77, -0.02,-0.13,0.00
15:42:07.573 -> -0.34,-0.39,8.77, -0.00,-0.13,0.01
15:42:07.620 -> -0.34,-0.39,8.77, -0.03,-0.13,0.00
15:42:07.667 -> -0.34,-0.40,8.78, -0.02,-0.13,0.00
15:42:07.714 -> -0.33,-0.40,8.78, -0.01,-0.13,0.00
15:42:07.760 -> -0.34,-0.39,8.77, -0.02,-0.13,0.00
15:42:07.807 -> -0.34,-0.39,8.78, -0.00,-0.13,0.01
15:42:07.854 -> -0.36,-0.38,8.78, -0.01,-0.13,0.00
15:42:07.901 -> -0.34,-0.36,8.78, -0.02,-0.13,0.00
15:42:07.948 -> -0.35,-0.37,8.77, -0.02,-0.13,0.00
15:42:07.995 -> -0.34,-0.40,8.79, -0.02,-0.13,0.00
15:42:08.043 -> -0.34,-0.38,8.78, -0.00,-0.13,0.00
15:42:08.090 -> -0.32,-0.39,8.75, -0.02,-0.13,0.00
15:42:08.137 -> -0.33,-0.39,8.75, -0.02,-0.13,0.00
15:42:08.183 -> -0.35,-0.37,8.78, -0.01,-0.13,0.00
15:42:08.230 -> -0.34,-0.40,8.75, -0.01,-0.13,0.00
15:42:08.324 -> -0.32,-0.37,8.78, -0.02,-0.13,0.00
15:42:08.371 -> -0.35,-0.39,8.75, -0.02,-0.13,0.00
15:42:08.418 -> -0.34,-0.39,8.79, -0.02,-0.13,0.00
15:42:08.465 -> -0.36,-0.40,8.75, -0.02,-0.13,0.00
15:42:08.511 -> -0.36,-0.40,8.80, -0.01,-0.13,0.00
15:42:08.558 -> -0.34,-0.40,8.80, -0.01,-0.13,0.00
15:42:08.605 -> -0.34,-0.38,8.77, -0.02,-0.13,0.00
15:42:08.652 -> -0.33,-0.39,8.76, -0.03,-0.13,0.00
15:42:08.699 -> -0.33,-0.38,8.78, -0.02,-0.13,0.00
15:42:08.746 -> -0.34,-0.40,8.76, -0.02,-0.13,0.00
15:42:08.793 -> -0.34,-0.43,8.76, -0.02,-0.13,0.00
15:42:08.840 -> -0.33,-0.40,8.78, -0.01,-0.13,0.00
15:42:08.886 -> -0.35,-0.40,8.77, -0.01,-0.13,0.00
15:42:08.933 -> -0.34,-0.39,8.81, -0.01,-0.13,0.01
15:42:08.980 -> -0.35,-0.38,8.72, -0.02,-0.13,0.00
15:42:09.074 -> -0.35,-0.40,8.77, -0.01,-0.13,0.01
15:42:09.121 -> -0.34,-0.40,8.78, -0.02,-0.13,0.01
15:42:09.169 -> -0.34,-0.41,8.78, -0.02,-0.13,0.00
15:42:09.216 -> -0.34,-0.42,8.80, -0.01,-0.13,0.00
15:42:09.262 -> -0.34,-0.40,8.75, 0.00,-0.13,0.00
15:42:09.309 -> -0.34,-0.39,8.78, -0.02,-0.13,0.00
15:42:09.356 -> -0.34,-0.38,8.76, -0.03,-0.13,0.00
15:42:09.403 -> -0.35,-0.41,8.79, -0.02,-0.13,0.00
15:42:09.450 -> -0.33,-0.39,8.77, -0.01,-0.13,0.00
15:42:09.497 -> -0.34,-0.43,8.77, -0.01,-0.13,0.00
15:42:09.544 -> -0.39,-0.40,8.78, -0.01,-0.13,0.00
15:42:09.590 -> -0.34,-0.39,8.75, -0.02,-0.13,0.00
15:42:09.637 -> -0.35,-0.40,8.78, -0.02,-0.13,0.00
15:42:09.718 -> -0.34,-0.41,8.77, -0.01,-0.13,0.00
15:42:09.764 -> -0.36,-0.38,8.80, -0.04,-0.13,-0.00
15:42:09.811 -> -0.56,1.08,8.66, 0.05,-0.10,-0.25
15:42:09.859 -> -0.49,1.95,8.83, 0.02,-0.10,-0.13
15:42:09.906 -> -1.16,1.81,8.77, 0.03,-0.13,-0.12
15:42:09.953 -> -0.84,1.52,8.76, -0.01,-0.13,-0.20
15:42:10.000 -> 0.26,1.71,8.89, 0.01,-0.12,-0.02
15:42:10.046 -> 0.03,1.24,8.81, 0.02,-0.15,0.21
15:42:10.093 -> -0.51,1.13,8.74, 0.08,-0.17,0.08
15:42:10.140 -> -0.68,0.21,8.76, 0.07,-0.14,-0.12
15:42:10.187 -> -0.21,-0.64,8.81, 0.07,-0.15,0.19
15:42:10.234 -> -1.30,-1.73,8.71, 0.10,-0.15,0.27
15:42:10.281 -> 0.14,-1.64,8.83, 0.10,-0.18,0.32
15:42:10.374 -> -0.30,-1.89,8.83, -0.07,-0.10,0.14
15:42:10.421 -> 0.20,-1.82,8.72, -0.09,-0.11,0.13
15:42:10.468 -> 0.84,-1.75,8.95, -0.21,-0.06,0.12
15:42:10.515 -> 0.01,-1.65,8.85, -0.14,-0.12,0.12
15:42:10.562 -> -0.45,-1.07,8.74, -0.09,-0.12,0.06
15:42:10.609 -> -0.33,-0.36,8.80, -0.02,-0.11,0.01
15:42:10.656 -> -0.41,-0.49,8.76, -0.01,-0.13,0.01
15:42:10.702 -> -0.27,-0.45,8.72, -0.04,-0.12,-0.03
15:42:10.749 -> -0.45,-0.30,8.77, 0.04,-0.14,-0.07
15:42:10.796 -> -0.24,0.47,8.78, 0.06,-0.15,-0.12
15:42:10.843 -> -0.34,-0.10,8.76, -0.03,-0.13,-0.03
15:42:10.890 -> -0.36,-0.33,8.74, -0.04,-0.13,0.05
15:42:10.937 -> -0.36,-1.06,8.76, -0.06,-0.12,0.01
15:42:10.984 -> -0.35,-0.29,8.80, 0.02,-0.12,0.03
15:42:11.030 -> -0.35,-0.26,8.76, 0.00,-0.14,-0.00
15:42:11.124 -> -0.37,-0.20,8.74, -0.03,-0.13,-0.00
15:42:11.171 -> -0.37,-0.29,8.78, -0.04,-0.13,0.00
15:42:11.218 -> -0.35,-0.30,8.77, -0.03,-0.13,0.00
15:42:11.265 -> -0.35,-0.30,8.77, -0.00,-0.13,0.01
15:42:11.312 -> -0.35,-0.27,8.77, -0.01,-0.13,0.00
15:42:11.359 -> -0.39,-0.27,8.76, -0.03,-0.12,-0.00
15:42:11.405 -> -0.39,-0.31,8.75, -0.03,-0.13,0.00
15:42:11.452 -> -0.36,-0.32,8.77, -0.01,-0.13,0.00
15:42:11.499 -> -0.36,-0.29,8.79, 0.00,-0.13,0.00
15:42:11.546 -> -0.38,-0.28,8.79, -0.02,-0.13,0.00
15:42:11.593 -> -0.36,-0.32,8.76, -0.03,-0.13,0.00
15:42:11.640 -> -0.36,-0.30,8.77, -0.03,-0.13,0.00
15:42:11.687 -> -0.36,-0.32,8.77, -0.01,-0.13,0.01
15:42:11.733 -> -0.35,-0.32,8.76, -0.02,-0.13,-0.00
15:42:11.780 -> -0.38,-0.31,8.74, -0.02,-0.13,0.00
15:42:11.874 -> -0.37,-0.32,8.76, -0.02,-0.13,0.00
15:42:11.921 -> -0.36,-0.31,8.78, -0.02,-0.13,0.00
15:42:11.968 -> -0.37,-0.34,8.77, -0.01,-0.13,-0.00
15:42:12.015 -> -0.37,-0.31,8.78, -0.02,-0.13,0.00
15:42:12.062 -> -0.36,-0.31,8.77, -0.02,-0.13,0.00
15:42:12.108 -> -0.37,-0.33,8.77, -0.01,-0.13,0.01
15:42:12.155 -> -0.38,-0.31,8.76, -0.01,-0.13,-0.00
15:42:12.202 -> -0.38,-0.30,8.78, 0.00,-0.13,0.00
15:42:12.251 -> -0.36,-0.32,8.76, -0.02,-0.13,0.00
15:42:12.298 -> -0.35,-0.32,8.72, -0.02,-0.13,0.00
15:42:12.345 -> -0.36,-0.33,8.76, -0.01,-0.13,0.00
15:42:12.391 -> -0.37,-0.30,8.78, -0.01,-0.13,0.00
15:42:12.439 -> -0.36,-0.33,8.78, -0.02,-0.13,0.00
15:42:12.488 -> -0.35,-0.32,8.80, -0.02,-0.13,0.00
15:42:12.534 -> -0.35,-0.34,8.76, -0.01,-0.13,0.00
15:42:12.581 -> -0.37,-0.31,8.77, -0.01,-0.13,0.00
15:42:12.675 -> -0.36,-0.33,8.77, -0.01,-0.13,0.00
15:42:12.722 -> -0.35,-0.31,8.78, -0.02,-0.13,0.00
15:42:12.769 -> -0.38,-0.33,8.76, -0.03,-0.13,0.00
15:42:12.816 -> -0.36,-0.33,8.74, -0.01,-0.13,0.00
15:42:12.862 -> -0.34,-0.33,8.78, -0.01,-0.13,0.00
15:42:12.909 -> -0.35,-0.31,8.79, -0.01,-0.13,0.00
15:42:12.956 -> -0.36,-0.30,8.76, -0.02,-0.13,0.00
15:42:13.003 -> -0.37,-0.33,8.77, -0.01,-0.13,0.00
15:42:13.050 -> -0.36,-0.32,8.76, -0.01,-0.13,0.01
15:42:13.097 -> -0.35,-0.34,8.78, -0.02,-0.13,0.00
15:42:13.144 -> -0.36,-0.33,8.74, -0.02,-0.13,0.00
15:42:13.190 -> -0.36,-0.32,8.79, -0.00,-0.13,0.00
15:42:13.237 -> -0.37,-0.34,8.78, -0.01,-0.13,0.00
15:42:13.284 -> -0.36,-0.33,8.78, -0.01,-0.13,0.00
15:42:13.331 -> -0.36,-0.31,8.78, -0.01,-0.13,0.01
15:42:13.425 -> -0.36,-0.31,8.78, -0.02,-0.13,0.01
15:42:13.472 -> -0.35,-0.33,8.77, -0.03,-0.13,-0.00
15:42:13.519 -> -0.36,-0.34,8.75, -0.00,-0.13,0.00
15:42:13.565 -> -0.36,-0.31,8.78, 0.00,-0.13,0.00
15:42:13.612 -> -0.35,-0.31,8.75, -0.02,-0.13,0.00
15:42:13.659 -> -0.36,-0.32,8.78, -0.03,-0.13,0.00
15:42:13.706 -> -0.35,-0.34,8.77, -0.01,-0.13,0.01
15:42:13.753 -> -0.36,-0.32,8.79, -0.02,-0.13,0.00
15:42:13.800 -> -0.35,-0.31,8.79, -0.02,-0.13,0.00
15:42:13.847 -> -0.35,-0.33,8.77, -0.02,-0.13,0.00
15:42:13.893 -> -0.35,-0.33,8.76, -0.02,-0.13,0.00
15:42:13.940 -> -0.36,-0.32,8.78, -0.01,-0.13,0.01
15:42:13.987 -> -0.36,-0.34,8.77, -0.01,-0.13,0.00
15:42:14.034 -> -0.35,-0.33,8.75, -0.01,-0.13,0.01
15:42:14.081 -> -0.35,-0.34,8.78, -0.01,-0.13,0.00
15:42:14.175 -> -0.34,-0.34,8.79, -0.02,-0.13,0.00
15:42:14.221 -> -0.36,-0.33,8.77, -0.01,-0.13,0.00
15:42:14.268 -> -0.34,-0.33,8.76, -0.01,-0.13,0.00
15:42:14.315 -> -0.37,-0.33,8.79, -0.01,-0.13,0.00
15:42:14.362 -> -0.36,-0.32,8.78, -0.01,-0.13,0.00
15:42:14.409 -> -0.36,-0.31,8.77, -0.02,-0.13,0.00
15:42:14.456 -> -0.34,-0.32,8.77, -0.02,-0.13,0.00
15:42:14.503 -> -0.36,-0.32,8.77, -0.01,-0.13,0.00
15:42:14.550 -> -0.34,-0.33,8.76, -0.01,-0.13,0.00
15:42:14.596 -> -0.34,-0.32,8.77, -0.02,-0.13,0.00
15:42:14.643 -> -0.35,-0.33,8.76, -0.02,-0.13,0.00
15:42:14.690 -> -0.35,-0.33,8.76, -0.01,-0.13,0.00
15:42:14.737 -> -0.37,-0.32,8.77, -0.01,-0.13,0.00
15:42:14.784 -> -0.36,-0.33,8.78, -0.02,-0.13,0.00
15:42:14.831 -> -0.36,-0.33,8.77, -0.00,-0.13,0.01
15:42:14.924 -> -0.11,-0.40,8.80, 0.03,-0.13,0.08
15:42:14.971 -> -0.25,-2.14,8.76, -0.06,-0.11,0.21
15:42:15.018 -> -0.23,-3.11,8.75, -0.03,-0.14,0.40
15:42:15.065 -> -1.75,-5.66,8.58, 0.03,-0.14,0.08
15:42:15.112 -> -0.53,-4.17,8.71, 0.01,-0.14,-0.08
15:42:15.160 -> -0.01,-1.62,8.83, -0.02,-0.10,-0.20
15:42:15.207 -> 0.77,-0.60,8.88, -0.09,-0.13,-0.33
15:42:15.254 -> -1.08,-0.47,8.75, -0.10,-0.11,-0.28
15:42:15.301 -> -0.10,1.74,8.87, 0.02,-0.13,-0.05
15:42:15.349 -> -0.91,1.65,8.77, 0.03,-0.15,0.05
15:42:15.395 -> -0.71,2.82,8.77, 0.03,-0.14,0.04
15:42:15.442 -> -0.23,2.57,8.83, 0.04,-0.14,0.05
15:42:15.489 -> -0.01,2.75,8.84, 0.01,-0.14,-0.04
15:42:15.536 -> -0.34,0.84,8.82, -0.02,-0.14,0.08
15:42:15.583 -> -0.70,0.64,8.80, 0.00,-0.13,-0.04
15:42:15.630 -> -0.41,-0.21,8.74, -0.09,-0.12,-0.02
15:42:15.723 -> -0.41,-0.35,8.71, -0.14,-0.09,-0.02
15:42:15.770 -> -0.30,-0.47,8.77, -0.05,-0.10,-0.01
15:42:15.817 -> -0.36,-0.41,8.78, 0.06,-0.12,0.02
15:42:15.864 -> -0.38,-0.34,8.78, 0.05,-0.13,0.01
15:42:15.911 -> -0.38,-0.35,8.76, 0.02,-0.13,0.00
15:42:15.958 -> -0.39,-0.32,8.78, 0.01,-0.13,0.00
15:42:16.005 -> -0.36,-0.31,8.80, -0.00,-0.13,-0.00
15:42:16.052 -> -0.39,-0.30,8.78, -0.02,-0.13,0.00
15:42:16.098 -> -0.39,-0.33,8.76, -0.03,-0.13,0.00
15:42:16.145 -> -0.35,-0.35,8.78, -0.02,-0.13,0.00
15:42:16.192 -> -0.39,-0.32,8.76, -0.02,-0.13,0.00
15:42:16.239 -> -0.37,-0.33,8.79, -0.02,-0.13,-0.00
15:42:16.286 -> -0.36,-0.34,8.82, -0.02,-0.13,-0.00
15:42:16.333 -> -0.36,-0.34,8.80, -0.01,-0.13,0.00
15:42:16.379 -> -0.39,-0.35,8.77, -0.01,-0.13,0.00
15:42:16.473 -> -0.38,-0.32,8.75, -0.01,-0.13,0.01
15:42:16.521 -> -0.38,-0.33,8.77, -0.02,-0.13,0.00
15:42:16.568 -> -0.37,-0.34,8.76, -0.02,-0.13,0.00
15:42:16.615 -> -0.37,-0.34,8.79, 0.00,-0.13,0.01
15:42:16.662 -> -0.38,-0.32,8.78, -0.01,-0.13,0.01
15:42:16.709 -> -0.38,-0.33,8.78, -0.03,-0.13,0.00
15:42:16.757 -> -0.36,-0.35,8.77, -0.01,-0.13,0.01
15:42:16.804 -> -0.38,-0.34,8.75, -0.02,-0.13,0.00
15:42:16.851 -> -0.37,-0.36,8.75, -0.02,-0.13,0.00
15:42:16.898 -> -0.36,-0.35,8.73, -0.02,-0.13,0.00
15:42:16.946 -> -0.37,-0.33,8.79, -0.01,-0.13,0.00
15:42:16.992 -> -0.38,-0.36,8.77, -0.01,-0.13,0.00
15:42:17.039 -> -0.37,-0.35,8.80, -0.02,-0.13,-0.00
15:42:17.086 -> -0.38,-0.36,8.77, -0.01,-0.13,0.00
15:42:17.133 -> -0.39,-0.33,8.76, -0.01,-0.13,0.01
15:42:17.180 -> -0.38,-0.34,8.77, -0.03,-0.13,0.00
15:42:17.275 -> -0.38,-0.36,8.75, -0.02,-0.13,0.00
15:42:17.322 -> -0.37,-0.33,8.79, -0.00,-0.13,0.00
15:42:17.369 -> -0.37,-0.34,8.77, -0.01,-0.13,0.00
15:42:17.415 -> -0.38,-0.34,8.77, -0.01,-0.13,0.00
15:42:17.463 -> -0.38,-0.35,8.79, -0.03,-0.13,0.00
15:42:17.510 -> -0.37,-0.37,8.76, -0.02,-0.13,0.00
15:42:17.557 -> -0.39,-0.38,8.79, -0.00,-0.13,0.01
15:42:17.604 -> -0.36,-0.35,8.77, -0.00,-0.13,0.00
15:42:17.651 -> -0.38,-0.36,8.80, -0.02,-0.13,0.00
15:42:17.697 -> -0.38,-0.33,8.77, -0.01,-0.13,0.00
15:42:17.744 -> -0.39,-0.36,8.76, -0.02,-0.13,0.00
15:42:17.791 -> -0.39,-0.33,8.78, -0.01,-0.13,0.00
15:42:17.838 -> -0.39,-0.34,8.76, -0.03,-0.13,0.00
15:42:17.885 -> -0.38,-0.35,8.76, -0.03,-0.13,0.00
15:42:17.932 -> -0.37,-0.39,8.78, -0.00,-0.13,0.00
15:42:17.979 -> -0.37,-0.36,8.77, -0.01,-0.13,0.00
15:42:18.072 -> -0.38,-0.35,8.78, -0.01,-0.13,0.00
15:42:18.119 -> -0.37,-0.37,8.73, -0.02,-0.13,0.00
15:42:18.166 -> -0.35,-0.36,8.77, -0.02,-0.13,0.00
15:42:18.214 -> -0.38,-0.36,8.77, -0.01,-0.13,0.00
15:42:18.261 -> -0.37,-0.36,8.79, -0.01,-0.13,0.00
15:42:18.307 -> -0.36,-0.37,8.76, -0.02,-0.13,0.00
15:42:18.354 -> -0.39,-0.36,8.78, -0.02,-0.13,0.00
15:42:18.401 -> -0.38,-0.36,8.79, -0.04,-0.13,0.00
15:42:18.448 -> -0.38,-0.38,8.77, -0.03,-0.13,-0.00
15:42:18.495 -> -0.36,-0.39,8.79, -0.01,-0.13,0.01
15:42:18.542 -> -0.38,-0.38,8.77, -0.00,-0.13,0.00
15:42:18.589 -> -0.37,-0.34,8.78, -0.01,-0.13,0.00
15:42:18.635 -> -0.38,-0.36,8.76, -0.02,-0.13,0.00
15:42:18.682 -> -0.38,-0.35,8.77, -0.01,-0.13,0.00
15:42:18.729 -> -0.36,-0.38,8.77, -0.02,-0.13,0.00
15:42:18.823 -> -0.37,-0.35,8.77, -0.02,-0.13,0.00
15:42:18.870 -> -0.39,-0.38,8.77, -0.01,-0.13,0.01
15:42:18.916 -> -0.38,-0.37,8.76, -0.01,-0.13,0.00
15:42:18.965 -> -0.38,-0.37,8.77, -0.02,-0.13,0.00
15:42:19.011 -> -0.37,-0.35,8.77, -0.01,-0.13,0.00
15:42:19.058 -> -0.37,-0.36,8.76, -0.02,-0.13,0.00
15:42:19.105 -> -0.37,-0.36,8.78, -0.02,-0.13,0.00
15:42:19.152 -> -0.36,-0.39,8.78, -0.02,-0.13,0.00
15:42:19.199 -> -0.36,-0.37,8.76, -0.02,-0.13,0.00
15:42:19.246 -> -0.37,-0.38,8.75, -0.02,-0.13,0.00
15:42:19.293 -> -0.38,-0.38,8.79, -0.01,-0.13,0.00
15:42:19.339 -> -0.37,-0.39,8.78, -0.01,-0.13,0.00
15:42:19.386 -> -0.39,-0.37,8.77, -0.01,-0.13,0.01
15:42:19.433 -> -0.39,-0.37,8.78, -0.03,-0.13,-0.00
15:42:19.480 -> -0.38,-0.42,8.76, -0.03,-0.13,0.00
15:42:19.574 -> -0.37,-0.41,8.77, 0.00,-0.13,0.01
15:42:19.621 -> -0.37,-0.36,8.76, -0.00,-0.13,0.01
15:42:19.667 -> -0.38,-0.37,8.77, -0.02,-0.13,0.00
15:42:19.715 -> -0.39,-0.38,8.78, -0.02,-0.13,0.00
15:42:19.762 -> -0.39,-0.37,8.79, -0.01,-0.13,0.00
15:42:19.809 -> -0.36,-0.38,8.76, -0.01,-0.13,0.00
15:42:19.856 -> -0.36,-0.35,8.82, -0.04,-0.13,-0.01
15:42:19.903 -> -0.56,-0.37,8.63, -0.10,-0.11,-0.03
15:42:19.950 -> -0.77,1.21,8.59, 0.02,-0.12,-0.08
15:42:19.996 -> -1.05,1.90,8.76, 0.08,-0.12,-0.05
15:42:20.043 -> -2.13,3.17,8.71, 0.13,-0.13,-0.35
15:42:20.090 -> -0.74,3.46,8.81, 0.02,-0.12,-0.42
15:42:20.139 -> 1.11,3.59,9.22, -0.01,-0.13,-0.14
15:42:20.185 -> 0.74,1.85,8.84, -0.05,-0.18,-0.10
15:42:20.232 -> 1.34,-1.30,8.89, -0.03,-0.15,0.39
15:42:20.279 -> 1.28,0.95,8.92, 0.17,-0.16,0.50
15:42:20.373 -> -1.32,-2.43,8.60, 0.09,-0.15,0.54
15:42:20.420 -> -1.37,-0.91,8.62, 0.00,-0.13,0.38
15:42:20.467 -> -0.23,-3.22,8.81, -0.18,-0.10,0.31
15:42:20.514 -> -0.65,-3.80,8.73, -0.17,-0.11,0.15
15:42:20.561 -> -0.10,-3.78,8.75, -0.06,-0.14,0.08
15:42:20.607 -> -0.15,-1.30,8.75, -0.03,-0.12,-0.06
15:42:20.654 -> -0.35,-0.31,8.79, 0.03,-0.14,0.00
15:42:20.701 -> -0.39,-0.26,8.75, -0.02,-0.13,-0.01
15:42:20.748 -> -0.35,-0.32,8.76, -0.02,-0.13,-0.00
15:42:20.795 -> -0.36,-0.32,8.78, -0.01,-0.13,-0.00
15:42:20.842 -> -0.39,-0.33,8.76, -0.01,-0.13,-0.03
15:42:20.889 -> -0.38,-0.29,8.77, -0.02,-0.13,0.00
15:42:20.935 -> -0.35,-0.32,8.78, -0.01,-0.13,0.00
15:42:20.982 -> -0.33,-0.29,8.78, -0.01,-0.13,0.01
15:42:21.029 -> -0.36,-0.31,8.78, -0.01,-0.13,0.01
15:42:21.123 -> -0.35,-0.31,8.77, -0.02,-0.13,0.01
15:42:21.171 -> -0.38,-0.33,8.78, -0.03,-0.13,-0.00
15:42:21.218 -> -0.35,-0.34,8.75, 0.01,-0.13,0.01
15:42:21.265 -> -0.37,-0.30,8.75, 0.00,-0.13,-0.00
15:42:21.312 -> -0.39,-0.28,8.76, -0.02,-0.13,-0.01
15:42:21.358 -> -0.36,-0.31,8.77, -0.02,-0.13,0.00
15:42:21.405 -> -0.36,-0.32,8.74, -0.02,-0.13,0.00
15:42:21.452 -> -0.35,-0.30,8.78, -0.02,-0.13,0.00
15:42:21.499 -> -0.36,-0.31,8.77, -0.02,-0.13,0.01
15:42:21.546 -> -0.37,-0.34,8.78, -0.03,-0.13,0.00
15:42:21.593 -> -0.36,-0.34,8.80, -0.02,-0.13,0.01
15:42:21.640 -> -0.35,-0.35,8.77, -0.01,-0.13,-0.00
15:42:21.686 -> -0.35,-0.33,8.79, -0.00,-0.13,0.00
15:42:21.733 -> -0.34,-0.33,8.78, -0.02,-0.13,0.00
15:42:21.780 -> -0.36,-0.35,8.76, -0.02,-0.13,0.00
15:42:21.874 -> -0.35,-0.31,8.76, -0.01,-0.13,0.00
15:42:21.921 -> -0.37,-0.34,8.77, -0.01,-0.13,0.00
15:42:21.968 -> -0.37,-0.33,8.78, -0.02,-0.13,0.00
15:42:22.014 -> -0.37,-0.33,8.78, -0.03,-0.13,0.00
15:42:22.061 -> -0.37,-0.32,8.76, 0.00,-0.13,0.01
15:42:22.108 -> -0.36,-0.32,8.79, -0.01,-0.13,-0.00
15:42:22.155 -> -0.36,-0.31,8.74, -0.02,-0.13,0.01
15:42:22.202 -> -0.36,-0.32,8.76, -0.03,-0.13,0.00
15:42:22.249 -> -0.35,-0.33,8.75, -0.02,-0.13,0.01
15:42:22.296 -> -0.36,-0.34,8.75, -0.01,-0.13,0.00
15:42:22.343 -> -0.37,-0.33,8.76, -0.02,-0.13,0.00
15:42:22.389 -> -0.37,-0.33,8.79, -0.02,-0.13,0.00
15:42:22.436 -> -0.36,-0.35,8.77, -0.02,-0.13,0.00
15:42:22.483 -> -0.37,-0.35,8.76, -0.02,-0.13,0.00
15:42:22.530 -> -0.36,-0.35,8.78, -0.02,-0.13,0.01
15:42:22.624 -> -0.36,-0.35,8.77, -0.02,-0.13,0.00
15:42:22.670 -> -0.37,-0.34,8.78, -0.02,-0.13,0.01
15:42:22.718 -> -0.37,-0.37,8.77, -0.02,-0.13,0.00
15:42:22.765 -> -0.34,-0.35,8.73, 0.00,-0.13,0.00
15:42:22.812 -> -0.36,-0.34,8.76, 0.00,-0.13,0.00
15:42:22.859 -> -0.36,-0.34,8.76, -0.01,-0.13,0.00
15:42:22.906 -> -0.36,-0.35,8.76, -0.02,-0.13,0.00
15:42:22.953 -> -0.35,-0.34,8.78, -0.01,-0.13,0.00
15:42:23.000 -> -0.34,-0.34,8.78, -0.01,-0.13,0.01
15:42:23.046 -> -0.35,-0.35,8.76, -0.02,-0.13,0.00
15:42:23.093 -> -0.39,-0.34,8.74, -0.01,-0.13,0.00
15:42:23.140 -> -0.38,-0.34,8.78, -0.01,-0.13,0.00
15:42:23.187 -> -0.38,-0.35,8.80, -0.01,-0.13,0.00
15:42:23.234 -> -0.36,-0.36,8.76, -0.02,-0.13,0.00
15:42:23.281 -> -0.36,-0.35,8.79, -0.01,-0.13,-0.00
15:42:23.375 -> -0.37,-0.34,8.79, -0.01,-0.13,0.00
15:42:23.421 -> -0.37,-0.36,8.75, -0.02,-0.13,0.00
15:42:23.468 -> -0.38,-0.34,8.77, -0.01,-0.13,0.00
15:42:23.515 -> -0.35,-0.33,8.77, -0.01,-0.13,0.00
15:42:23.562 -> -0.35,-0.34,8.78, -0.02,-0.13,0.00
15:42:23.609 -> -0.37,-0.35,8.77, -0.02,-0.13,0.00
15:42:23.656 -> -0.35,-0.36,8.79, -0.01,-0.13,0.00
15:42:23.703 -> -0.37,-0.34,8.74, -0.01,-0.13,0.00
15:42:23.749 -> -0.37,-0.35,8.75, -0.02,-0.13,0.00
15:42:23.796 -> -0.36,-0.35,8.78, -0.02,-0.13,0.00
15:42:23.843 -> -0.36,-0.34,8.77, -0.01,-0.13,0.00
15:42:23.890 -> -0.37,-0.37,8.76, -0.02,-0.13,0.00
15:42:23.937 -> -0.37,-0.36,8.80, -0.01,-0.13,0.00
15:42:23.984 -> -0.37,-0.36,8.77, -0.02,-0.13,0.00
15:42:24.030 -> -0.37,-0.36,8.79, -0.02,-0.13,0.00
15:42:24.124 -> -0.36,-0.36,8.78, -0.01,-0.13,0.01
15:42:24.171 -> -0.36,-0.36,8.78, -0.01,-0.13,0.00
15:42:24.218 -> -0.38,-0.37,8.77, -0.01,-0.13,0.00
15:42:24.265 -> -0.35,-0.35,8.78, -0.02,-0.13,0.01
15:42:24.312 -> -0.35,-0.37,8.77, -0.01,-0.13,0.00
15:42:24.359 -> -0.37,-0.36,8.75, 0.01,-0.13,0.01
15:42:24.406 -> -0.38,-0.35,8.80, 0.00,-0.13,0.00
15:42:24.453 -> -0.34,-0.36,8.76, 0.03,-0.12,0.02
15:42:24.500 -> -0.14,-0.94,8.83, -0.01,-0.12,-0.02
15:42:24.547 -> -0.49,-1.74,8.77, -0.01,-0.13,0.00
15:42:24.593 -> -0.48,-2.02,8.71, -0.03,-0.13,0.12
15:42:24.640 -> -0.37,-2.68,8.68, 0.01,-0.14,-0.13
15:42:24.687 -> 0.50,-2.92,8.76, -0.03,-0.14,0.08
15:42:24.734 -> -0.61,-4.45,8.69, -0.06,-0.13,0.06
15:42:24.781 -> -0.26,-2.14,8.70, -0.02,-0.12,-0.10
15:42:24.875 -> -1.00,-1.69,8.69, -0.00,-0.13,-0.29
15:42:24.921 -> -0.53,-0.13,8.87, 0.03,-0.13,-0.35
15:42:24.968 -> -0.78,0.83,8.64, 0.03,-0.14,-0.18
15:42:25.015 -> -0.80,1.94,8.82, 0.04,-0.13,-0.12
15:42:25.062 -> -1.16,2.40,8.75, 0.04,-0.13,-0.19
15:42:25.109 -> -0.44,2.43,8.78, 0.01,-0.12,0.02
15:42:25.156 -> -0.44,2.20,8.82, 0.03,-0.11,-0.13
15:42:25.203 -> -0.02,1.80,8.81, -0.02,-0.15,0.07
15:42:25.249 -> -0.52,0.10,8.76, -0.03,-0.14,-0.04
15:42:25.296 -> -0.38,-0.29,8.77, -0.09,-0.12,-0.01
15:42:25.330 -> -0.33,-0.37,8.75, -0.06,-0.11,-0.01
15:42:25.424 -> -0.36,-0.37,8.79, -0.01,-0.12,0.01
15:42:25.471 -> -0.36,-0.34,8.78, -0.00,-0.12,0.01
15:42:25.518 -> -0.35,-0.33,8.76, -0.02,-0.13,-0.00
15:42:25.565 -> -0.34,-0.36,8.74, -0.01,-0.13,0.01
15:42:25.612 -> -0.38,-0.35,8.80, 0.00,-0.13,0.00
15:42:25.659 -> -0.36,-0.34,8.75, -0.01,-0.13,0.01
15:42:25.706 -> -0.37,-0.33,8.81, -0.03,-0.13,0.00
15:42:25.753 -> -0.36,-0.35,8.77, -0.04,-0.13,-0.00
15:42:25.800 -> -0.38,-0.38,8.79, -0.03,-0.13,0.00
15:42:25.846 -> -0.36,-0.37,8.77, -0.02,-0.13,0.00
15:42:25.893 -> -0.36,-0.37,8.76, -0.01,-0.13,0.00
15:42:25.940 -> -0.43,-0.36,8.74, -0.03,-0.12,-0.00
15:42:25.987 -> -0.34,-0.39,8.77, -0.04,-0.12,-0.00
15:42:26.034 -> -0.36,-0.40,8.78, -0.04,-0.12,-0.01
15:42:26.081 -> -0.36,-0.42,8.76, -0.00,-0.13,0.00
15:42:26.174 -> -0.39,-0.39,8.74, 0.01,-0.13,0.00
15:42:26.221 -> -0.37,-0.36,8.82, -0.01,-0.14,0.00
15:42:26.268 -> -0.35,-0.42,8.78, -0.00,-0.14,0.00
15:42:26.315 -> -0.39,-0.36,8.78, 0.01,-0.13,0.01
15:42:26.362 -> -0.38,-0.37,8.79, -0.03,-0.13,0.00
15:42:26.409 -> -0.38,-0.37,8.76, -0.04,-0.13,0.00
15:42:26.456 -> -0.38,-0.40,8.79, -0.03,-0.12,0.01
15:42:26.502 -> -0.38,-0.39,8.76, -0.03,-0.13,0.00
15:42:26.549 -> -0.38,-0.41,8.78, -0.00,-0.13,0.00
15:42:26.596 -> -0.38,-0.40,8.78, 0.00,-0.13,0.01
15:42:26.643 -> -0.38,-0.37,8.76, -0.02,-0.13,0.00
15:42:26.690 -> -0.38,-0.42,8.76, -0.04,-0.13,-0.00
15:42:26.737 -> -0.36,-0.43,8.78, -0.02,-0.13,0.00
15:42:26.784 -> -0.38,-0.40,8.75, -0.00,-0.13,0.00
15:42:26.830 -> -0.39,-0.40,8.76, -0.01,-0.13,0.00
15:42:26.924 -> -0.39,-0.41,8.73, -0.02,-0.13,0.00
15:42:26.971 -> -0.38,-0.42,8.77, -0.02,-0.13,0.00
15:42:27.018 -> -0.39,-0.43,8.76, -0.01,-0.13,0.00
15:42:27.065 -> -0.38,-0.40,8.76, -0.00,-0.13,0.00
15:42:27.112 -> -0.37,-0.42,8.77, -0.01,-0.13,0.00
15:42:27.158 -> -0.41,-0.42,8.76, -0.02,-0.13,0.00
15:42:27.205 -> -0.41,-0.40,8.80, -0.01,-0.13,0.00
15:42:27.252 -> -0.39,-0.40,8.74, -0.02,-0.13,0.00
15:42:27.299 -> -0.38,-0.40,8.77, -0.02,-0.13,0.00
15:42:27.346 -> -0.40,-0.42,8.78, -0.02,-0.13,0.00
15:42:27.393 -> -0.41,-0.43,8.77, -0.01,-0.13,0.01
15:42:27.440 -> -0.41,-0.39,8.78, -0.01,-0.13,0.00
15:42:27.486 -> -0.38,-0.41,8.78, -0.00,-0.13,0.00
15:42:27.533 -> -0.37,-0.41,8.77, -0.01,-0.13,0.00
15:42:27.580 -> -0.40,-0.43,8.77, -0.03,-0.13,-0.00
15:42:27.674 -> -0.39,-0.42,8.75, -0.02,-0.13,0.00
15:42:27.721 -> -0.40,-0.40,8.77, -0.01,-0.13,0.00
15:42:27.768 -> -0.39,-0.40,8.75, -0.01,-0.13,0.00
15:42:27.815 -> -0.38,-0.39,8.76, -0.01,-0.13,0.00
15:42:27.861 -> -0.39,-0.41,8.77, -0.02,-0.13,0.00
15:42:27.908 -> -0.40,-0.41,8.77, -0.01,-0.13,0.00
15:42:27.955 -> -0.39,-0.40,8.77, -0.02,-0.13,0.00
15:42:28.002 -> -0.39,-0.40,8.77, -0.03,-0.13,0.00
15:42:28.049 -> -0.39,-0.42,8.80, -0.02,-0.13,0.00
15:42:28.096 -> -0.38,-0.42,8.77, -0.02,-0.13,0.00
15:42:28.143 -> -0.39,-0.42,8.76, -0.01,-0.13,0.00
15:42:28.190 -> -0.41,-0.41,8.80, -0.01,-0.13,0.00
15:42:28.236 -> -0.39,-0.40,8.79, -0.02,-0.13,0.00
15:42:28.283 -> -0.40,-0.41,8.77, -0.02,-0.13,0.00
15:42:28.330 -> -0.38,-0.42,8.76, -0.02,-0.13,0.00
15:42:28.424 -> -0.39,-0.43,8.77, -0.02,-0.13,0.00
15:42:28.471 -> -0.37,-0.42,8.76, -0.01,-0.13,0.00
15:42:28.518 -> -0.39,-0.43,8.76, -0.01,-0.13,0.00
15:42:28.564 -> -0.38,-0.42,8.75, -0.02,-0.13,0.00
15:42:28.611 -> -0.37,-0.42,8.76, -0.01,-0.13,0.00
15:42:28.658 -> -0.38,-0.43,8.76, -0.02,-0.13,0.00
15:42:28.705 -> -0.38,-0.42,8.78, -0.02,-0.13,0.00
15:42:28.752 -> -0.39,-0.45,8.78, -0.02,-0.13,0.00
15:42:28.799 -> -0.37,-0.42,8.78, -0.01,-0.13,0.00
15:42:28.846 -> -0.39,-0.43,8.78, -0.01,-0.13,0.00
15:42:28.893 -> -0.38,-0.42,8.76, -0.01,-0.13,0.00
15:42:28.939 -> -0.39,-0.43,8.77, -0.01,-0.13,0.00
15:42:28.986 -> -0.38,-0.42,8.75, -0.02,-0.13,0.00
15:42:29.033 -> -0.39,-0.44,8.78, -0.02,-0.13,0.00
15:42:29.080 -> -0.39,-0.44,8.77, -0.02,-0.13,0.00
15:42:29.174 -> -0.37,-0.42,8.78, -0.02,-0.13,0.00
15:42:29.221 -> -0.39,-0.42,8.76, -0.01,-0.13,0.00
15:42:29.267 -> -0.41,-0.43,8.76, -0.01,-0.13,0.00
15:42:29.314 -> -0.37,-0.44,8.77, -0.00,-0.13,0.00
15:42:29.361 -> -0.40,-0.40,8.78, -0.01,-0.13,0.00
15:42:29.408 -> -0.40,-0.44,8.80, -0.03,-0.13,0.00
15:42:29.455 -> -0.39,-0.45,8.77, -0.03,-0.13,0.00
15:42:29.502 -> -0.39,-0.44,8.78, -0.03,-0.13,0.00
15:42:29.549 -> -0.42,-0.45,8.81, -0.03,-0.12,-0.00
15:42:29.595 -> -0.76,0.47,8.79, -0.05,-0.12,-0.12
15:42:29.642 -> -0.61,2.66,8.83, 0.07,-0.14,-0.12
15:42:29.689 -> -1.00,2.26,8.84, 0.09,-0.15,0.02
15:42:29.736 -> -0.13,3.29,8.93, -0.05,-0.12,-0.27
15:42:29.783 -> -1.69,2.14,8.71, 0.02,-0.11,-0.18
15:42:29.830 -> -0.93,0.78,9.23, -0.02,-0.12,-0.15
15:42:29.924 -> -0.40,0.62,8.77, -0.00,-0.16,0.09
15:42:29.970 -> 0.43,-2.15,8.96, -0.14,-0.30,-0.05
15:42:30.017 -> 0.91,-2.47,8.46, -0.22,-0.39,0.30
15:42:30.064 -> 0.55,-2.29,8.67, 0.07,-0.19,0.39
15:42:30.111 -> 0.24,-2.27,8.79, 0.13,-0.08,0.36
15:42:30.158 -> -0.69,-2.66,8.76, 0.05,-0.05,0.35
15:42:30.205 -> -0.85,-1.95,8.68, -0.03,-0.14,0.15
15:42:30.252 -> -0.65,-1.98,8.74, 0.01,-0.18,-0.06
15:42:30.298 -> 0.60,-0.86,8.74, -0.06,-0.15,-0.07
15:42:30.345 -> -0.17,-1.85,8.73, -0.08,-0.12,0.07
15:42:30.392 -> -0.15,-1.02,8.68, -0.02,-0.12,-0.01
15:42:30.439 -> -0.35,-0.29,8.73, 0.04,-0.14,-0.09
15:42:30.486 -> 0.05,0.18,8.75, 0.04,-0.12,-0.11
15:42:30.533 -> -0.00,-0.23,8.82, 0.01,-0.09,0.02
15:42:30.579 -> -0.50,-1.21,8.74, -0.09,-0.11,0.11
15:42:30.673 -> -0.26,-0.46,8.76, -0.02,-0.13,0.02
15:42:30.720 -> -0.22,-0.39,8.76, 0.02,-0.13,0.01
15:42:30.767 -> -0.26,-0.35,8.79, -0.01,-0.13,-0.01
15:42:30.814 -> -0.26,-0.40,8.83, -0.05,-0.13,0.00
15:42:30.861 -> -0.21,-0.40,8.76, -0.03,-0.13,0.00
15:42:30.908 -> -0.22,-0.41,8.75, 0.01,-0.13,0.00
15:42:30.956 -> -0.25,-0.38,8.80, -0.00,-0.13,0.01
15:42:31.003 -> -0.25,-0.40,8.76, -0.04,-0.13,-0.00
15:42:31.050 -> -0.23,-0.41,8.80, -0.03,-0.13,0.00
15:42:31.098 -> -0.24,-0.42,8.75, -0.01,-0.13,0.00
15:42:31.145 -> -0.24,-0.41,8.76, -0.00,-0.13,0.00
15:42:31.192 -> -0.22,-0.41,8.77, -0.01,-0.13,0.00
15:42:31.239 -> -0.24,-0.43,8.79, -0.02,-0.13,-0.00
15:42:31.286 -> -0.23,-0.41,8.79, -0.01,-0.13,0.00
15:42:31.333 -> -0.22,-0.41,8.74, -0.01,-0.13,0.01
15:42:31.380 -> -0.23,-0.40,8.77, -0.03,-0.13,0.00
15:42:31.460 -> -0.23,-0.43,8.79, -0.03,-0.13,0.00
15:42:31.507 -> -0.24,-0.43,8.79, -0.02,-0.13,0.00
15:42:31.553 -> -0.21,-0.44,8.80, -0.01,-0.13,0.00
15:42:31.600 -> -0.22,-0.42,8.78, -0.00,-0.13,0.00
15:42:31.648 -> -0.24,-0.40,8.77, -0.01,-0.13,0.00
15:42:31.695 -> -0.23,-0.42,8.76, -0.02,-0.13,-0.00
15:42:31.742 -> -0.25,-0.42,8.78, -0.02,-0.13,0.00
15:42:31.789 -> -0.24,-0.42,8.76, -0.01,-0.13,0.00
15:42:31.835 -> -0.23,-0.40,8.78, -0.01,-0.12,0.00
15:42:31.882 -> -0.23,-0.43,8.74, -0.02,-0.13,0.00
15:42:31.929 -> -0.24,-0.42,8.80, -0.02,-0.13,0.01
15:42:32.023 -> -0.26,-0.42,8.75, -0.03,-0.13,0.00
15:42:32.070 -> -0.22,-0.44,8.77, -0.02,-0.13,0.00
15:42:32.117 -> -0.24,-0.43,8.78, -0.01,-0.13,0.00
15:42:32.163 -> -0.24,-0.43,8.77, -0.01,-0.13,0.00
15:42:32.211 -> -0.24,-0.42,8.78, -0.02,-0.13,0.00
15:42:32.257 -> -0.23,-0.42,8.76, -0.02,-0.13,0.00
15:42:32.304 -> -0.24,-0.43,8.76, -0.01,-0.13,0.01
15:42:32.351 -> -0.24,-0.41,8.78, -0.02,-0.13,0.01
15:42:32.398 -> -0.24,-0.43,8.81, -0.02,-0.13,0.00
15:42:32.445 -> -0.24,-0.43,8.76, -0.01,-0.13,0.00
15:42:32.492 -> -0.23,-0.43,8.77, 0.00,-0.13,0.00
15:42:32.539 -> -0.24,-0.43,8.78, -0.01,-0.13,0.00
15:42:32.585 -> -0.25,-0.43,8.77, -0.02,-0.13,0.01
15:42:32.632 -> -0.24,-0.43,8.76, -0.02,-0.13,0.00
15:42:32.679 -> -0.23,-0.43,8.77, -0.01,-0.13,0.01
15:42:32.773 -> -0.25,-0.43,8.80, -0.02,-0.13,0.00
15:42:32.820 -> -0.25,-0.44,8.77, -0.02,-0.13,0.00
15:42:32.867 -> -0.25,-0.44,8.78, -0.01,-0.13,0.00
15:42:32.913 -> -0.22,-0.45,8.79, -0.00,-0.13,-0.00
15:42:32.960 -> -0.25,-0.41,8.80, -0.01,-0.13,0.00
15:42:33.007 -> -0.23,-0.42,8.79, -0.02,-0.13,0.00
15:42:33.054 -> -0.23,-0.44,8.79, -0.02,-0.13,0.01
15:42:33.102 -> -0.25,-0.44,8.79, -0.02,-0.13,0.00
15:42:33.149 -> -0.24,-0.41,8.78, -0.01,-0.13,0.00
15:42:33.196 -> -0.23,-0.43,8.78, -0.01,-0.13,-0.00
15:42:33.243 -> -0.23,-0.42,8.79, -0.01,-0.13,0.00
15:42:33.290 -> -0.24,-0.41,8.80, -0.03,-0.13,0.00
15:42:33.337 -> -0.25,-0.44,8.79, -0.02,-0.13,0.00
15:42:33.384 -> -0.24,-0.45,8.74, -0.00,-0.13,0.00
15:42:33.431 -> -0.24,-0.43,8.78, -0.01,-0.13,0.00
15:42:33.525 -> -0.24,-0.43,8.80, -0.02,-0.13,0.00
15:42:33.572 -> -0.23,-0.45,8.79, -0.02,-0.13,0.00
15:42:33.619 -> -0.22,-0.42,8.77, -0.01,-0.13,0.00
15:42:33.666 -> -0.26,-0.42,8.79, -0.02,-0.13,0.00
15:42:33.713 -> -0.24,-0.43,8.78, -0.02,-0.13,0.00
15:42:33.760 -> -0.23,-0.44,8.77, -0.01,-0.13,0.00
15:42:33.806 -> -0.24,-0.43,8.75, -0.01,-0.13,0.00
15:42:33.853 -> -0.24,-0.42,8.75, -0.01,-0.13,0.00
15:42:33.900 -> -0.23,-0.42,8.80, -0.02,-0.13,0.00
15:42:33.947 -> -0.23,-0.43,8.81, -0.01,-0.13,0.00
15:42:33.994 -> -0.23,-0.42,8.77, -0.02,-0.13,0.00
15:42:34.041 -> -0.24,-0.43,8.77, -0.02,-0.13,0.00
15:42:34.088 -> -0.23,-0.44,8.76, -0.01,-0.13,0.01
15:42:34.134 -> -0.23,-0.44,8.79, -0.02,-0.13,0.00
15:42:34.181 -> -0.24,-0.45,8.80, -0.02,-0.13,0.01
15:42:34.228 -> -0.23,-0.45,8.78, -0.01,-0.13,0.00
15:42:34.322 -> -0.23,-0.44,8.79, -0.01,-0.13,0.00
15:42:34.370 -> -0.23,-0.44,8.78, -0.02,-0.13,0.00
15:42:34.417 -> -0.26,-0.45,8.78, -0.03,-0.13,-0.00
15:42:34.464 -> -0.24,-0.45,8.78, -0.02,-0.13,0.00
15:42:34.511 -> -0.23,-0.45,8.79, -0.00,-0.13,0.00
15:42:34.557 -> -0.25,-0.44,8.76, -0.00,-0.13,0.00
15:42:34.604 -> -0.22,-0.45,8.79, -0.02,-0.13,0.00
15:42:34.651 -> -0.22,-0.45,8.76, -0.01,-0.13,0.00
15:42:34.698 -> -0.22,-0.45,8.76, -0.00,-0.13,0.01
15:42:34.745 -> -0.21,-0.47,8.79, 0.01,-0.13,0.01
15:42:34.792 -> 0.41,-1.26,8.98, -0.05,-0.12,0.08
15:42:34.839 -> -0.05,-3.83,8.62, -0.07,-0.12,0.16
15:42:34.885 -> -0.52,-4.73,8.61, -0.03,-0.14,0.12
15:42:34.932 -> -0.73,-5.37,8.70, -0.02,-0.17,-0.05
15:42:34.979 -> 0.11,-1.70,8.69, -0.04,-0.21,-0.31
15:42:35.073 -> -0.24,-1.16,8.90, 0.03,-0.22,-0.68
15:42:35.120 -> 0.15,0.72,8.72, 0.03,-0.12,-0.47
15:42:35.166 -> 0.13,0.79,8.83, 0.04,-0.03,-0.12
15:42:35.214 -> 0.07,2.04,9.05, 0.06,0.03,0.46
15:42:35.260 -> -0.78,1.97,8.97, 0.20,0.02,0.25
15:42:35.307 -> -0.62,1.91,9.19, 0.04,-0.09,0.13
15:42:35.354 -> -0.94,2.68,8.76, 0.01,-0.15,0.12
15:42:35.401 -> -1.08,1.62,8.70, 0.04,-0.14,-0.07
15:42:35.448 -> -0.36,1.29,8.80, -0.02,-0.15,0.05
15:42:35.495 -> -0.43,-0.04,8.75, -0.05,-0.13,-0.00
15:42:35.542 -> -0.41,-0.20,8.76, -0.07,-0.12,0.01
15:42:35.588 -> -0.32,-0.31,8.76, -0.04,-0.12,0.01
15:42:35.635 -> -0.32,-0.28,8.77, -0.01,-0.13,0.02
15:42:35.682 -> -0.35,-0.25,8.77, -0.00,-0.13,0.00
15:42:35.729 -> -0.36,-0.24,8.78, -0.01,-0.13,-0.00
15:42:35.823 -> -0.35,-0.26,8.75, -0.01,-0.13,0.00
15:42:35.870 -> -0.36,-0.26,8.78, -0.00,-0.13,-0.00
15:42:35.917 -> -0.34,-0.21,8.77, -0.00,-0.14,0.00
15:42:35.965 -> -0.36,-0.23,8.79, -0.03,-0.13,0.00
15:42:36.012 -> -0.33,-0.25,8.77, -0.04,-0.13,0.01
15:42:36.058 -> -0.35,-0.26,8.76, -0.04,-0.12,-0.00
15:42:36.105 -> -0.38,-0.28,8.78, -0.01,-0.13,0.01
15:42:36.153 -> -0.36,-0.27,8.78, -0.04,-0.12,-0.01
15:42:36.200 -> -0.29,-0.28,8.74, -0.03,-0.12,-0.00
15:42:36.247 -> -0.35,-0.28,8.75, -0.01,-0.13,0.00
15:42:36.294 -> -0.37,-0.28,8.76, -0.01,-0.13,0.00
15:42:36.341 -> -0.34,-0.29,8.74, -0.02,-0.13,0.00
15:42:36.388 -> -0.35,-0.28,8.74, -0.04,-0.13,-0.00
15:42:36.434 -> -0.36,-0.30,8.75, -0.02,-0.13,0.01
15:42:36.481 -> -0.37,-0.30,8.76, -0.01,-0.13,0.01
15:42:36.575 -> -0.34,-0.31,8.79, -0.01,-0.13,-0.00
15:42:36.622 -> -0.34,-0.30,8.78, -0.01,-0.13,0.00
15:42:36.669 -> -0.34,-0.29,8.76, -0.02,-0.13,0.00
15:42:36.716 -> -0.34,-0.31,8.79, -0.02,-0.13,0.01
15:42:36.762 -> -0.35,-0.31,8.75, -0.02,-0.13,-0.00
15:42:36.809 -> -0.33,-0.29,8.78, -0.02,-0.13,0.00
15:42:36.856 -> -0.35,-0.31,8.77, -0.01,-0.13,0.00
15:42:36.903 -> -0.36,-0.30,8.77, -0.02,-0.13,-0.00
15:42:36.950 -> -0.36,-0.30,8.79, -0.02,-0.13,0.00
15:42:36.997 -> -0.33,-0.27,8.73, -0.02,-0.13,0.00
15:42:37.044 -> -0.34,-0.32,8.79, -0.02,-0.13,-0.00
15:42:37.091 -> -0.38,-0.31,8.78, -0.01,-0.13,0.00
15:42:37.137 -> -0.36,-0.31,8.78, -0.02,-0.13,0.00
15:42:37.184 -> -0.35,-0.34,8.76, -0.01,-0.13,0.00
15:42:37.231 -> -0.35,-0.31,8.78, -0.01,-0.13,0.00
15:42:37.325 -> -0.37,-0.31,8.79, -0.01,-0.13,0.01
15:42:37.372 -> -0.34,-0.32,8.77, -0.01,-0.13,0.00
15:42:37.418 -> -0.37,-0.30,8.78, -0.02,-0.13,0.00
15:42:37.465 -> -0.35,-0.30,8.76, -0.02,-0.13,0.00
15:42:37.512 -> -0.36,-0.30,8.78, -0.02,-0.13,0.00
15:42:37.559 -> -0.36,-0.32,8.82, -0.01,-0.13,0.01
15:42:37.606 -> -0.35,-0.32,8.77, -0.01,-0.13,0.00
15:42:37.653 -> -0.35,-0.33,8.79, -0.02,-0.13,0.00
15:42:37.700 -> -0.37,-0.34,8.78, -0.01,-0.13,0.00
15:42:37.746 -> -0.36,-0.31,8.77, -0.02,-0.13,0.00
15:42:37.793 -> -0.35,-0.32,8.77, -0.02,-0.13,0.00
15:42:37.840 -> -0.35,-0.33,8.80, -0.01,-0.13,0.01
15:42:37.887 -> -0.36,-0.31,8.79, -0.01,-0.13,0.00
15:42:37.934 -> -0.38,-0.29,8.73, -0.01,-0.13,0.00
15:42:37.981 -> -0.35,-0.32,8.77, -0.02,-0.13,0.00
15:42:38.075 -> -0.34,-0.31,8.78, -0.01,-0.13,0.01
15:42:38.122 -> -0.36,-0.31,8.77, -0.00,-0.13,0.01
15:42:38.169 -> -0.37,-0.29,8.77, -0.02,-0.13,0.00
15:42:38.216 -> -0.35,-0.32,8.78, -0.02,-0.13,0.00
15:42:38.263 -> -0.35,-0.32,8.78, -0.01,-0.13,0.01
15:42:38.310 -> -0.36,-0.30,8.78, -0.01,-0.13,0.00
15:42:38.357 -> -0.37,-0.32,8.76, -0.02,-0.13,0.00
15:42:38.403 -> -0.38,-0.33,8.79, -0.01,-0.13,0.00
15:42:38.450 -> -0.34,-0.33,8.76, -0.01,-0.13,0.00
15:42:38.497 -> -0.35,-0.33,8.76, -0.02,-0.13,0.00
15:42:38.544 -> -0.37,-0.31,8.78, -0.02,-0.13,0.00
15:42:38.591 -> -0.35,-0.30,8.78, -0.02,-0.13,0.00
15:42:38.638 -> -0.36,-0.31,8.79, -0.02,-0.13,0.00
15:42:38.685 -> -0.36,-0.31,8.78, -0.01,-0.13,0.01
15:42:38.731 -> -0.37,-0.30,8.75, -0.02,-0.13,0.00
15:42:38.779 -> -0.34,-0.30,8.78, -0.01,-0.13,0.00
15:42:38.872 -> -0.38,-0.30,8.75, -0.01,-0.13,0.00
15:42:38.919 -> -0.37,-0.31,8.79, -0.01,-0.13,0.00
15:42:38.966 -> -0.37,-0.33,8.77, -0.02,-0.13,0.00
15:42:39.013 -> -0.37,-0.30,8.77, -0.02,-0.13,0.00
15:42:39.060 -> -0.37,-0.32,8.77, -0.02,-0.13,0.00
15:42:39.107 -> -0.36,-0.32,8.79, -0.01,-0.13,0.00
15:42:39.153 -> -0.37,-0.31,8.75, -0.01,-0.13,0.00
15:42:39.200 -> -0.36,-0.33,8.76, -0.02,-0.13,0.00
15:42:39.247 -> -0.35,-0.34,8.79, -0.02,-0.13,0.00
15:42:39.294 -> -0.36,-0.31,8.79, -0.03,-0.13,0.00
15:42:39.341 -> -0.36,-0.34,8.80, -0.01,-0.13,0.00
15:42:39.388 -> -0.37,-0.33,8.78, -0.01,-0.13,0.00
15:42:39.435 -> -0.38,-0.30,8.77, -0.02,-0.13,0.00
15:42:39.481 -> -0.36,-0.34,8.76, -0.02,-0.13,0.00
15:42:39.528 -> -0.37,-0.33,8.80, -0.01,-0.13,0.00
15:42:39.622 -> -0.37,-0.33,8.78, -0.01,-0.13,0.01
15:42:39.670 -> -0.37,-0.33,8.77, -0.00,-0.13,0.00
15:42:39.717 -> -0.37,-0.30,8.77, -0.02,-0.13,0.00
15:42:39.765 -> -0.40,-0.30,8.80, -0.05,-0.13,-0.01
15:42:39.812 -> -0.38,-0.35,8.87, -0.06,-0.12,-0.01
15:42:39.859 -> -0.31,0.09,8.76, 0.03,-0.14,-0.04
15:42:39.906 -> -0.91,1.63,8.61, 0.10,-0.13,-0.08
15:42:39.953 -> -2.04,3.51,8.75, 0.41,-0.20,-0.28
15:42:40.001 -> -0.52,4.58,8.44, 0.35,-0.25,-0.40
15:42:40.047 -> 0.15,3.60,8.25, -0.28,0.01,-0.13
15:42:40.094 -> 0.34,1.24,9.00, -0.31,-0.14,0.05
15:42:40.141 -> 0.75,-0.37,9.04, -0.03,-0.13,0.27
15:42:40.188 -> 0.26,-1.02,9.01, 0.25,-0.08,0.71
15:42:40.235 -> -1.42,-1.33,8.24, 0.05,-0.13,0.69
15:42:40.282 -> -0.86,-1.21,8.86, -0.15,-0.09,0.48
15:42:40.329 -> -0.86,-2.53,8.75, -0.10,-0.12,0.43
15:42:40.422 -> 0.06,-2.91,8.83, -0.15,-0.13,0.32
15:42:40.469 -> -0.70,-2.90,8.73, 0.02,-0.17,0.11
15:42:40.516 -> -0.10,-1.73,8.80, -0.05,-0.15,0.03
15:42:40.563 -> 0.24,0.55,8.57, 0.04,-0.11,-0.02
15:42:40.610 -> -0.05,-0.95,8.88, -0.05,-0.13,-0.03
15:42:40.657 -> -0.34,-0.11,8.79, -0.02,-0.14,0.00
15:42:40.704 -> -0.32,-0.17,8.85, -0.00,-0.14,-0.02
15:42:40.750 -> -0.28,-0.11,8.70, -0.01,-0.14,-0.01
15:42:40.797 -> -0.31,-0.13,8.81, -0.02,-0.12,0.00
15:42:40.844 -> -0.31,-0.17,8.82, -0.01,-0.13,-0.01
15:42:40.891 -> -0.28,-0.23,8.83, -0.00,-0.14,-0.01
15:42:40.938 -> -0.30,-0.15,8.79, -0.01,-0.14,-0.02
15:42:40.985 -> -0.30,-0.11,8.74, -0.02,-0.13,0.00
15:42:41.031 -> -0.29,-0.12,8.76, -0.02,-0.13,-0.00
15:42:41.078 -> -0.26,-0.16,8.77, -0.01,-0.13,-0.00
15:42:41.172 -> -0.32,-0.14,8.78, -0.00,-0.14,-0.02
15:42:41.219 -> -0.31,-0.14,8.78, -0.01,-0.13,-0.01
15:42:41.266 -> -0.27,-0.15,8.81, -0.02,-0.14,-0.00
15:42:41.313 -> -0.26,-0.11,8.76, -0.02,-0.13,0.01
15:42:41.360 -> -0.28,-0.14,8.77, -0.02,-0.13,0.00
15:42:41.406 -> -0.27,-0.14,8.79, -0.02,-0.14,0.00
15:42:41.453 -> -0.29,-0.11,8.76, -0.02,-0.13,0.00
15:42:41.500 -> -0.30,-0.14,8.78, -0.02,-0.13,0.00
15:42:41.547 -> -0.28,-0.15,8.77, -0.02,-0.13,0.00
15:42:41.594 -> -0.28,-0.14,8.77, -0.02,-0.13,0.00
15:42:41.641 -> -0.29,-0.15,8.82, -0.02,-0.13,0.00
15:42:41.688 -> -0.29,-0.17,8.79, -0.02,-0.13,0.00
15:42:41.735 -> -0.28,-0.15,8.74, -0.01,-0.13,0.00
15:42:41.781 -> -0.29,-0.15,8.78, -0.01,-0.13,0.00
15:42:41.828 -> -0.29,-0.15,8.74, -0.02,-0.13,0.00
15:42:41.922 -> -0.30,-0.17,8.77, -0.01,-0.13,0.00
15:42:41.969 -> -0.28,-0.17,8.79, -0.01,-0.13,0.01
15:42:42.016 -> -0.29,-0.14,8.80, -0.02,-0.13,0.01
15:42:42.063 -> -0.29,-0.17,8.75, -0.02,-0.13,0.00
15:42:42.109 -> -0.24,-0.15,8.78, -0.01,-0.13,0.00
15:42:42.156 -> -0.31,-0.14,8.76, -0.02,-0.13,0.01
15:42:42.203 -> -0.28,-0.18,8.74, -0.03,-0.13,0.00
15:42:42.250 -> -0.28,-0.18,8.81, -0.02,-0.13,0.00
15:42:42.297 -> -0.27,-0.18,8.77, -0.01,-0.14,0.01
15:42:42.344 -> -0.27,-0.17,8.78, -0.01,-0.13,0.00
15:42:42.390 -> -0.26,-0.16,8.80, -0.02,-0.13,0.00
15:42:42.438 -> -0.28,-0.16,8.77, -0.02,-0.13,0.00
15:42:42.484 -> -0.26,-0.18,8.76, -0.02,-0.13,0.01
15:42:42.531 -> -0.28,-0.17,8.76, -0.01,-0.13,0.00
15:42:42.625 -> -0.30,-0.17,8.80, -0.02,-0.13,0.00
15:42:42.672 -> -0.27,-0.18,8.79, -0.03,-0.13,0.01
15:42:42.719 -> -0.27,-0.20,8.76, -0.01,-0.13,-0.00
15:42:42.766 -> -0.27,-0.19,8.80, -0.00,-0.13,0.00
15:42:42.812 -> -0.29,-0.18,8.80, -0.01,-0.13,-0.00
15:42:42.859 -> -0.29,-0.17,8.77, -0.02,-0.13,0.00
15:42:42.906 -> -0.28,-0.20,8.78, -0.02,-0.13,0.00
15:42:42.953 -> -0.28,-0.18,8.78, -0.01,-0.13,0.00
15:42:43.000 -> -0.28,-0.17,8.82, -0.02,-0.13,0.00
15:42:43.047 -> -0.28,-0.17,8.76, -0.01,-0.13,0.00
15:42:43.094 -> -0.27,-0.19,8.79, -0.02,-0.13,0.00
15:42:43.140 -> -0.28,-0.23,8.81, -0.00,-0.13,0.01
15:42:43.187 -> -0.27,-0.15,8.78, -0.01,-0.13,0.00
15:42:43.234 -> -0.28,-0.16,8.79, -0.01,-0.13,0.00
15:42:43.281 -> -0.29,-0.17,8.79, -0.02,-0.13,0.01
15:42:43.375 -> -0.28,-0.20,8.78, -0.02,-0.13,0.00
15:42:43.422 -> -0.28,-0.19,8.79, -0.02,-0.13,0.00
15:42:43.469 -> -0.29,-0.18,8.76, -0.01,-0.13,0.00
15:42:43.515 -> -0.29,-0.18,8.77, -0.01,-0.13,0.00
15:42:43.562 -> -0.28,-0.15,8.77, -0.02,-0.13,0.00
15:42:43.609 -> -0.27,-0.20,8.80, -0.01,-0.13,0.00
15:42:43.656 -> -0.25,-0.18,8.77, -0.01,-0.13,-0.00
15:42:43.703 -> -0.27,-0.18,8.77, -0.02,-0.13,0.00
15:42:43.750 -> -0.27,-0.19,8.80, -0.02,-0.13,0.00
15:42:43.797 -> -0.28,-0.17,8.79, -0.02,-0.13,0.00
15:42:43.843 -> -0.26,-0.18,8.77, -0.01,-0.13,0.00
15:42:43.890 -> -0.29,-0.17,8.79, -0.02,-0.13,0.00
15:42:43.937 -> -0.28,-0.17,8.78, -0.02,-0.13,0.00
15:42:43.984 -> -0.28,-0.19,8.79, -0.02,-0.13,0.01
15:42:44.032 -> -0.28,-0.18,8.78, -0.02,-0.13,0.01
15:42:44.079 -> -0.28,-0.21,8.78, -0.02,-0.13,0.00
15:42:44.173 -> -0.27,-0.19,8.77, -0.01,-0.13,0.00
15:42:44.220 -> -0.28,-0.18,8.80, -0.01,-0.13,0.00
15:42:44.267 -> -0.28,-0.20,8.73, -0.02,-0.13,0.00
15:42:44.314 -> -0.27,-0.19,8.79, -0.01,-0.13,-0.00
15:42:44.360 -> -0.30,-0.15,8.76, -0.02,-0.13,0.00
15:42:44.407 -> -0.28,-0.18,8.79, -0.02,-0.13,0.00
15:42:44.454 -> -0.28,-0.19,8.75, -0.01,-0.13,0.00
15:42:44.501 -> -0.30,-0.18,8.81, -0.02,-0.13,0.00
15:42:44.548 -> -0.28,-0.22,8.80, -0.03,-0.13,0.00
15:42:44.595 -> -0.28,-0.22,8.77, -0.02,-0.13,0.01
15:42:44.642 -> -0.27,-0.23,8.76, -0.01,-0.13,0.01
15:42:44.689 -> -0.28,-0.21,8.81, -0.02,-0.13,0.01
15:42:44.735 -> -0.25,-0.26,8.75, 0.00,-0.13,0.01
15:42:44.782 -> -0.42,-2.09,8.71, 0.01,-0.12,0.06
15:42:44.829 -> -0.30,-3.66,8.75, -0.02,-0.11,0.03
15:42:44.923 -> -0.74,-4.34,8.78, 0.04,-0.09,0.12
15:42:44.970 -> -0.86,-3.69,8.81, -0.03,-0.15,-0.07
15:42:45.017 -> -0.34,-1.77,8.84, -0.00,-0.16,-0.47
15:42:45.064 -> 0.36,-0.68,8.67, 0.03,-0.10,-0.41
15:42:45.111 -> 0.27,1.54,9.24, -0.10,-0.02,-0.06
15:42:45.157 -> 0.68,1.51,8.82, -0.07,-0.15,0.09
15:42:45.204 -> -1.37,1.33,8.51, 0.01,-0.13,0.02
15:42:45.251 -> -1.31,1.94,8.90, 0.04,-0.15,0.07
15:42:45.298 -> -0.61,2.23,8.96, 0.07,-0.14,0.04
15:42:45.345 -> -0.05,2.49,8.71, 0.03,-0.14,-0.10
15:42:45.392 -> 0.34,1.93,8.80, 0.06,-0.14,0.12
15:42:45.439 -> -0.91,0.67,8.80, 0.02,-0.13,0.06
15:42:45.485 -> -0.59,0.46,8.86, -0.04,-0.12,0.04
15:42:45.532 -> -0.53,0.22,8.82, -0.03,-0.12,-0.04
15:42:45.579 -> -0.36,-0.07,8.77, -0.04,-0.13,-0.00
15:42:45.673 -> -0.21,-0.11,8.89, -0.05,-0.12,0.00
15:42:45.720 -> -0.30,-0.16,8.76, -0.03,-0.12,-0.00
15:42:45.767 -> -0.36,-0.18,8.77, -0.01,-0.13,0.01
15:42:45.814 -> -0.34,-0.19,8.80, -0.01,-0.13,-0.00
15:42:45.860 -> -0.35,-0.20,8.81, -0.01,-0.13,-0.00
15:42:45.907 -> -0.34,-0.11,8.76, -0.02,-0.13,-0.01
15:42:45.954 -> -0.31,-0.18,8.80, -0.01,-0.13,0.00
15:42:46.001 -> -0.32,-0.19,8.80, -0.01,-0.13,0.01
15:42:46.048 -> -0.37,-0.12,8.70, -0.01,-0.14,0.01
15:42:46.095 -> -0.31,-0.17,8.81, -0.04,-0.13,0.00
15:42:46.142 -> -0.34,-0.19,8.80, -0.02,-0.13,-0.00
15:42:46.188 -> -0.36,-0.18,8.79, -0.01,-0.13,0.01
15:42:46.235 -> -0.33,-0.17,8.78, -0.02,-0.13,-0.00
15:42:46.282 -> -0.35,-0.16,8.78, -0.02,-0.13,0.00
15:42:46.329 -> -0.31,-0.18,8.77, -0.01,-0.13,-0.00
15:42:46.423 -> -0.34,-0.18,8.78, -0.02,-0.13,0.00
15:42:46.470 -> -0.33,-0.19,8.79, -0.01,-0.13,0.00
15:42:46.516 -> -0.34,-0.19,8.79, -0.01,-0.13,0.01
15:42:46.563 -> -0.35,-0.19,8.77, -0.02,-0.13,0.00
15:42:46.610 -> -0.33,-0.16,8.76, -0.04,-0.13,-0.00
15:42:46.657 -> -0.33,-0.22,8.79, -0.03,-0.12,0.01
15:42:46.704 -> -0.36,-0.21,8.78, -0.01,-0.13,0.00
15:42:46.751 -> -0.34,-0.19,8.79, -0.01,-0.13,-0.00
15:42:46.799 -> -0.34,-0.20,8.75, -0.01,-0.13,0.00
15:42:46.846 -> -0.34,-0.23,8.77, -0.01,-0.13,-0.00
15:42:46.893 -> -0.34,-0.19,8.78, -0.01,-0.13,0.00
15:42:46.939 -> -0.35,-0.20,8.78, -0.01,-0.13,-0.00
15:42:46.986 -> -0.36,-0.18,8.77, -0.01,-0.13,0.00
15:42:47.033 -> -0.34,-0.19,8.79, -0.01,-0.13,0.01
15:42:47.080 -> -0.35,-0.21,8.80, -0.01,-0.13,0.00
15:42:47.174 -> -0.34,-0.19,8.78, -0.01,-0.13,0.00
15:42:47.221 -> -0.34,-0.20,8.78, -0.02,-0.13,0.00
15:42:47.267 -> -0.34,-0.20,8.79, -0.02,-0.13,-0.00
15:42:47.314 -> -0.34,-0.20,8.79, -0.01,-0.13,0.01
15:42:47.361 -> -0.37,-0.18,8.79, -0.02,-0.13,0.00
15:42:47.408 -> -0.35,-0.22,8.77, -0.01,-0.13,0.01
15:42:47.455 -> -0.36,-0.21,8.77, -0.02,-0.13,-0.00
15:42:47.502 -> -0.36,-0.21,8.80, -0.01,-0.13,0.00
15:42:47.548 -> -0.37,-0.20,8.77, -0.01,-0.13,0.00
15:42:47.595 -> -0.33,-0.19,8.76, -0.01,-0.13,-0.00
15:42:47.642 -> -0.35,-0.18,8.76, -0.02,-0.13,0.01
15:42:47.689 -> -0.35,-0.20,8.75, -0.02,-0.13,0.00
15:42:47.736 -> -0.34,-0.22,8.77, -0.02,-0.13,0.00
15:42:47.783 -> -0.36,-0.22,8.78, -0.02,-0.13,0.00
15:42:47.830 -> -0.35,-0.22,8.80, -0.01,-0.13,0.00
15:42:47.924 -> -0.36,-0.21,8.76, -0.01,-0.13,0.00
15:42:47.970 -> -0.35,-0.19,8.76, -0.01,-0.13,0.00
15:42:48.017 -> -0.34,-0.19,8.78, -0.02,-0.13,0.00
15:42:48.064 -> -0.35,-0.21,8.75, -0.01,-0.13,0.00
15:42:48.111 -> -0.34,-0.22,8.78, -0.01,-0.13,0.00
15:42:48.158 -> -0.34,-0.21,8.78, -0.02,-0.13,0.00
15:42:48.205 -> -0.36,-0.21,8.79, -0.02,-0.13,0.00
15:42:48.252 -> -0.35,-0.22,8.78, -0.01,-0.13,0.00
15:42:48.298 -> -0.35,-0.22,8.76, -0.01,-0.13,0.00
15:42:48.345 -> -0.37,-0.21,8.80, -0.02,-0.13,0.00
15:42:48.392 -> -0.35,-0.23,8.79, -0.02,-0.13,0.01
15:42:48.439 -> -0.34,-0.22,8.76, -0.02,-0.13,0.00
15:42:48.486 -> -0.35,-0.23,8.76, -0.02,-0.13,0.00
15:42:48.533 -> -0.36,-0.21,8.77, -0.01,-0.13,0.00
15:42:48.579 -> -0.34,-0.22,8.77, -0.01,-0.13,0.00
15:42:48.673 -> -0.34,-0.21,8.78, -0.02,-0.13,0.00
15:42:48.720 -> -0.36,-0.22,8.77, -0.02,-0.13,0.00
15:42:48.767 -> -0.35,-0.22,8.75, -0.01,-0.13,0.01
15:42:48.814 -> -0.35,-0.21,8.79, -0.01,-0.13,0.01
15:42:48.861 -> -0.36,-0.22,8.76, -0.01,-0.13,0.00
15:42:48.908 -> -0.38,-0.20,8.77, -0.02,-0.13,0.00
15:42:48.955 -> -0.33,-0.23,8.81, -0.02,-0.13,0.00
15:42:49.001 -> -0.34,-0.23,8.78, -0.01,-0.13,0.00
15:42:49.048 -> -0.35,-0.21,8.79, -0.01,-0.13,0.00
15:42:49.095 -> -0.37,-0.22,8.79, -0.02,-0.13,0.00
15:42:49.142 -> -0.35,-0.21,8.78, -0.02,-0.13,0.00
15:42:49.189 -> -0.33,-0.21,8.78, -0.01,-0.13,0.00
15:42:49.236 -> -0.35,-0.22,8.80, -0.01,-0.13,0.01
15:42:49.282 -> -0.34,-0.21,8.79, -0.02,-0.13,0.00
15:42:49.329 -> -0.34,-0.21,8.80, -0.01,-0.13,0.00
15:42:49.423 -> -0.36,-0.21,8.80, -0.01,-0.13,0.01
15:42:49.470 -> -0.32,-0.22,8.76, -0.01,-0.13,0.01
15:42:49.518 -> -0.35,-0.22,8.80, -0.01,-0.13,0.00
15:42:49.565 -> -0.35,-0.22,8.81, -0.02,-0.13,0.00
15:42:49.612 -> -0.34,-0.21,8.79, -0.02,-0.13,0.00
15:42:49.659 -> -0.35,-0.21,8.77, -0.01,-0.13,0.00
15:42:49.706 -> -0.36,-0.19,8.77, -0.02,-0.13,0.00
15:42:49.752 -> -0.36,-0.18,8.78, -0.04,-0.13,-0.00
15:42:49.799 -> -0.52,0.51,8.68, -0.03,-0.13,-0.11
15:42:49.846 -> -0.85,1.89,8.80, 0.05,-0.13,-0.08
15:42:49.893 -> -0.76,2.65,8.75, 0.05,-0.14,-0.02
15:42:49.940 -> -0.73,2.55,8.74, 0.08,-0.15,-0.04
15:42:49.987 -> 0.22,2.66,8.76, 0.04,-0.15,-0.08
15:42:50.035 -> -0.37,1.82,8.77, 0.01,-0.14,0.01
15:42:50.081 -> 0.57,1.68,8.85, -0.02,-0.14,0.15
15:42:50.128 -> -1.29,-2.63,9.06, 0.05,-0.19,0.28
15:42:50.222 -> -0.40,-1.74,9.19, 0.07,-0.17,0.38
15:42:50.269 -> -0.14,-2.17,8.79, 0.05,-0.11,0.17
15:42:50.316 -> -0.72,-1.06,8.74, -0.02,-0.13,0.17
15:42:50.363 -> 0.53,-0.69,8.76, -0.12,-0.22,0.04
15:42:50.410 -> -0.64,-2.02,8.82, -0.20,-0.27,0.03
15:42:50.456 -> 0.39,-2.25,8.69, -0.06,-0.15,0.23
15:42:50.503 -> -0.28,-2.26,8.85, -0.07,-0.07,0.09
15:42:50.550 -> -0.49,-1.75,8.73, -0.06,-0.07,0.03
15:42:50.597 -> -0.43,-0.56,8.94, 0.10,-0.10,-0.03
15:42:50.644 -> -0.20,-0.04,8.80, 0.11,-0.17,0.02
15:42:50.691 -> -0.19,-0.12,8.77, -0.04,-0.11,0.01
15:42:50.738 -> -0.27,-0.18,8.64, 0.01,-0.12,0.00
15:42:50.784 -> -0.13,-0.07,8.75, -0.04,-0.14,-0.04
15:42:50.831 -> -0.27,-0.08,8.80, -0.01,-0.12,-0.03
15:42:50.925 -> -0.24,-0.12,8.81, -0.00,-0.12,-0.01
15:42:50.972 -> -0.26,-0.14,8.80, -0.02,-0.13,0.00
15:42:51.019 -> -0.24,-0.17,8.77, -0.02,-0.13,0.01
15:42:51.065 -> -0.23,-0.14,8.81, -0.01,-0.13,0.00
15:42:51.113 -> -0.23,-0.15,8.79, -0.02,-0.12,0.00
15:42:51.159 -> -0.23,-0.16,8.76, -0.03,-0.14,0.01
15:42:51.206 -> -0.25,-0.17,8.73, 0.00,-0.12,-0.00
15:42:51.253 -> -0.24,-0.15,8.79, 0.01,-0.11,-0.00
15:42:51.300 -> -0.27,-0.13,8.79, -0.01,-0.13,-0.00
15:42:51.347 -> -0.25,-0.12,8.79, -0.02,-0.12,-0.00
15:42:51.394 -> -0.29,-0.14,8.73, -0.02,-0.14,0.01
15:42:51.441 -> -0.26,-0.15,8.77, -0.02,-0.13,0.00
15:42:51.487 -> -0.25,-0.16,8.79, -0.01,-0.13,0.00
15:42:51.534 -> -0.28,-0.14,8.78, -0.01,-0.13,0.00
15:42:51.581 -> -0.28,-0.14,8.78, -0.01,-0.13,0.00
15:42:51.663 -> -0.25,-0.11,8.77, -0.02,-0.13,0.00
15:42:51.710 -> -0.28,-0.19,8.79, -0.01,-0.12,0.01
15:42:51.756 -> -0.30,-0.15,8.79, -0.01,-0.13,0.00
15:42:51.803 -> -0.24,-0.11,8.79, 0.02,-0.12,-0.02
15:42:51.851 -> -0.28,-0.12,8.79, -0.00,-0.13,-0.01
15:42:51.898 -> -0.29,-0.11,8.79, -0.02,-0.13,0.01
15:42:51.945 -> -0.27,-0.14,8.75, -0.01,-0.13,0.00
15:42:51.992 -> -0.28,-0.13,8.79, -0.01,-0.13,0.00
15:42:52.039 -> -0.28,-0.11,8.79, -0.01,-0.13,0.00
15:42:52.085 -> -0.28,-0.12,8.76, -0.02,-0.13,0.01
15:42:52.132 -> -0.24,-0.12,8.77, -0.02,-0.13,-0.00
15:42:52.179 -> -0.29,-0.14,8.81, -0.02,-0.13,0.01
15:42:52.273 -> -0.29,-0.14,8.80, -0.01,-0.13,0.00
15:42:52.320 -> -0.26,-0.13,8.77, -0.02,-0.13,0.00
15:42:52.367 -> -0.28,-0.14,8.77, -0.01,-0.13,0.00
15:42:52.413 -> -0.29,-0.14,8.81, -0.00,-0.13,0.00
15:42:52.462 -> -0.28,-0.11,8.77, -0.02,-0.13,0.00
15:42:52.509 -> -0.27,-0.12,8.78, -0.01,-0.13,0.00
15:42:52.556 -> -0.28,-0.12,8.79, -0.02,-0.14,0.01
15:42:52.602 -> -0.29,-0.12,8.79, -0.02,-0.13,0.00
15:42:52.650 -> -0.25,-0.14,8.78, -0.01,-0.13,0.00
15:42:52.712 -> -0.27,-0.11,8.77, -0.01,-0.13,0.00
15:42:52.759 -> -0.29,-0.13,8.79, -0.03,-0.13,0.00
15:42:52.806 -> -0.27,-0.14,8.78, -0.02,-0.13,0.00
15:42:52.853 -> -0.30,-0.13,8.77, -0.01,-0.13,0.00
15:42:52.900 -> -0.25,-0.13,8.79, -0.02,-0.14,0.01
15:42:52.947 -> -0.29,-0.14,8.77, -0.02,-0.13,-0.00
15:42:52.984 -> -0.26,-0.15,8.80, -0.01,-0.13,-0.00
15:42:53.031 -> -0.29,-0.14,8.78, -0.01,-0.13,0.00
15:42:53.125 -> -0.29,-0.13,8.78, -0.02,-0.13,0.00
15:42:53.173 -> -0.26,-0.13,8.78, -0.02,-0.13,0.00
15:42:53.220 -> -0.25,-0.15,8.79, -0.02,-0.13,0.00
15:42:53.267 -> -0.27,-0.14,8.77, -0.01,-0.13,0.00
15:42:53.314 -> -0.25,-0.12,8.78, -0.01,-0.13,0.00
15:42:53.361 -> -0.28,-0.11,8.77, -0.02,-0.14,-0.00
15:42:53.407 -> -0.30,-0.13,8.77, -0.01,-0.13,0.00
15:42:53.454 -> -0.27,-0.14,8.76, -0.02,-0.14,0.00
15:42:53.501 -> -0.26,-0.13,8.80, -0.02,-0.13,0.00
15:42:53.548 -> -0.26,-0.13,8.79, -0.02,-0.13,0.00
15:42:53.595 -> -0.27,-0.12,8.80, -0.01,-0.13,0.00
15:42:53.642 -> -0.27,-0.16,8.79, -0.02,-0.13,0.00
15:42:53.689 -> -0.28,-0.14,8.77, -0.01,-0.13,0.00
15:42:53.735 -> -0.26,-0.13,8.78, -0.01,-0.13,0.00
15:42:53.782 -> -0.27,-0.15,8.78, -0.02,-0.13,0.00
15:42:53.829 -> -0.27,-0.15,8.78, -0.02,-0.13,0.00
15:42:53.923 -> -0.28,-0.16,8.78, -0.02,-0.13,0.01
15:42:53.971 -> -0.26,-0.17,8.77, -0.01,-0.13,0.00
15:42:54.018 -> -0.25,-0.13,8.79, -0.01,-0.13,0.00
15:42:54.065 -> -0.27,-0.15,8.82, -0.02,-0.13,0.00
15:42:54.112 -> -0.25,-0.16,8.79, -0.03,-0.14,0.01
15:42:54.158 -> -0.27,-0.16,8.78, -0.02,-0.13,0.00
15:42:54.205 -> -0.25,-0.16,8.78, -0.01,-0.14,0.00
15:42:54.252 -> -0.26,-0.15,8.77, -0.01,-0.13,0.00
15:42:54.299 -> -0.26,-0.14,8.78, -0.02,-0.13,0.00
15:42:54.346 -> -0.25,-0.17,8.79, -0.02,-0.13,0.00
15:42:54.393 -> -0.24,-0.17,8.76, -0.01,-0.13,0.00
15:42:54.440 -> -0.28,-0.15,8.76, -0.02,-0.13,0.01
15:42:54.486 -> -0.24,-0.17,8.80, -0.02,-0.13,0.00
15:42:54.533 -> -0.27,-0.15,8.78, -0.01,-0.13,0.01
15:42:54.580 -> -0.11,-0.47,8.84, 0.01,-0.13,0.00
15:42:54.674 -> -0.35,-0.67,8.68, -0.01,-0.12,0.06
15:42:54.721 -> -0.13,-1.01,8.83, -0.03,-0.13,0.07
15:42:54.768 -> -0.20,-1.95,8.81, -0.02,-0.11,0.03
15:42:54.815 -> -0.18,-3.70,8.80, 0.01,-0.08,0.18
15:42:54.861 -> -0.63,-4.38,9.30, 0.08,-0.09,-0.11
15:42:54.908 -> -0.13,-3.11,8.46, -0.20,-0.26,-0.37
15:42:54.955 -> 0.00,-1.69,9.04, -0.29,-0.21,-0.19
15:42:55.002 -> 0.16,-0.31,8.19, -0.48,-0.04,-0.08
15:42:55.049 -> -0.81,0.56,8.65, -0.32,-0.17,0.03
15:42:55.096 -> -0.47,1.44,8.57, -0.22,-0.19,0.09
15:42:55.143 -> -0.77,2.91,8.51, 0.10,-0.12,0.00
15:42:55.189 -> -0.56,1.70,8.68, 0.13,-0.10,-0.17
15:42:55.236 -> 0.62,1.64,9.02, 0.10,-0.10,-0.21
15:42:55.283 -> 0.31,0.63,8.92, 0.03,-0.11,-0.09
15:42:55.330 -> -0.07,1.58,8.76, 0.06,-0.10,-0.03
15:42:55.424 -> -0.49,0.88,8.75, 0.13,-0.10,-0.10
15:42:55.471 -> -0.64,0.23,8.76, 0.04,-0.10,-0.06
15:42:55.517 -> -0.32,-0.42,8.54, -0.07,-0.10,-0.01
15:42:55.565 -> -0.27,-0.50,8.80, -0.03,-0.12,-0.04
15:42:55.611 -> -0.33,-0.54,8.52, 0.01,-0.13,0.01
15:42:55.658 -> -0.29,-0.45,8.79, 0.08,-0.13,0.01
15:42:55.705 -> -0.25,-0.24,8.80, -0.02,-0.13,-0.00
15:42:55.752 -> -0.27,-0.39,8.74, -0.05,-0.12,0.00
15:42:55.799 -> -0.33,-0.40,8.73, 0.02,-0.12,0.00
15:42:55.846 -> -0.36,-0.39,8.84, 0.01,-0.13,-0.00
15:42:55.893 -> -0.32,-0.35,8.75, -0.04,-0.13,-0.00
15:42:55.939 -> -0.30,-0.38,8.83, -0.05,-0.13,-0.00
15:42:55.986 -> -0.31,-0.41,8.78, -0.01,-0.13,0.00
15:42:56.033 -> -0.35,-0.40,8.73, -0.02,-0.13,0.00
15:42:56.080 -> -0.28,-0.37,8.83, -0.02,-0.13,0.00
15:42:56.174 -> -0.32,-0.43,8.70, -0.02,-0.13,0.00
15:42:56.220 -> -0.30,-0.38,8.82, -0.01,-0.13,-0.00
15:42:56.267 -> -0.34,-0.36,8.80, -0.01,-0.13,0.00
15:42:56.314 -> -0.34,-0.41,8.77, -0.05,-0.13,0.00
15:42:56.361 -> -0.30,-0.43,8.75, -0.01,-0.13,0.00
15:42:56.408 -> -0.29,-0.40,8.79, 0.05,-0.13,0.01
15:42:56.455 -> -0.32,-0.36,8.69, 0.01,-0.13,0.01
15:42:56.502 -> -0.26,-0.40,8.94, -0.03,-0.13,0.00
15:42:56.549 -> -0.23,-0.34,8.80, -0.04,-0.13,0.01
15:42:56.596 -> -0.35,-0.48,8.70, 0.00,-0.13,0.01
15:42:56.642 -> -0.34,-0.42,8.77, 0.03,-0.12,0.00
15:42:56.689 -> -0.32,-0.36,8.82, -0.02,-0.13,-0.00
15:42:56.736 -> -0.30,-0.41,8.73, -0.00,-0.13,0.00
15:42:56.783 -> -0.32,-0.36,8.81, 0.00,-0.13,0.01
15:42:56.830 -> -0.33,-0.35,8.82, -0.04,-0.13,-0.00
15:42:56.924 -> -0.29,-0.39,8.75, -0.02,-0.12,0.00
15:42:56.970 -> -0.34,-0.41,8.73, 0.01,-0.13,0.00
15:42:57.018 -> -0.32,-0.36,8.79, -0.00,-0.13,0.00
15:42:57.065 -> -0.31,-0.36,8.82, -0.01,-0.13,0.00
15:42:57.112 -> -0.31,-0.33,8.82, 0.00,-0.13,0.01
15:42:57.159 -> -0.34,-0.35,8.79, -0.02,-0.13,0.00
15:42:57.206 -> -0.31,-0.37,8.78, -0.01,-0.13,0.01
15:42:57.253 -> -0.32,-0.33,8.79, -0.02,-0.13,-0.00
15:42:57.300 -> -0.34,-0.38,8.73, -0.03,-0.13,0.00
15:42:57.347 -> -0.30,-0.39,8.75, -0.01,-0.13,0.00
15:42:57.393 -> -0.31,-0.35,8.77, 0.01,-0.13,0.00
15:42:57.442 -> -0.34,-0.35,8.75, -0.02,-0.13,0.00
15:42:57.489 -> -0.32,-0.37,8.77, -0.04,-0.13,0.00
15:42:57.535 -> -0.30,-0.38,8.74, -0.04,-0.13,0.00
15:42:57.582 -> -0.33,-0.41,8.76, -0.01,-0.13,0.00
15:42:57.629 -> -0.35,-0.37,8.77, -0.00,-0.13,0.00
15:42:57.724 -> -0.30,-0.37,8.79, -0.01,-0.13,0.00
15:42:57.771 -> -0.32,-0.35,8.77, 0.01,-0.13,0.00
15:42:57.817 -> -0.31,-0.35,8.75, 0.00,-0.13,0.01
15:42:57.864 -> -0.33,-0.35,8.74, -0.01,-0.13,0.00
15:42:57.911 -> -0.33,-0.33,8.82, -0.02,-0.13,0.00
15:42:57.958 -> -0.33,-0.34,8.78, -0.04,-0.13,-0.00
15:42:58.005 -> -0.31,-0.40,8.71, -0.01,-0.13,0.00
15:42:58.052 -> -0.33,-0.35,8.77, 0.02,-0.13,0.01
15:42:58.099 -> -0.33,-0.29,8.81, -0.00,-0.13,0.00
15:42:58.146 -> -0.32,-0.33,8.77, -0.02,-0.13,0.00
15:42:58.192 -> -0.32,-0.37,8.69, -0.01,-0.13,0.00
15:42:58.239 -> -0.35,-0.33,8.79, -0.01,-0.13,0.00
15:42:58.286 -> -0.32,-0.30,8.80, -0.00,-0.13,0.00
15:42:58.333 -> -0.34,-0.32,8.75, 0.00,-0.13,0.00
15:42:58.380 -> -0.28,-0.30,8.79, 0.00,-0.13,0.01
15:42:58.474 -> -0.33,-0.29,8.85, 0.01,-0.13,0.00
15:42:58.520 -> -0.35,-0.28,8.78, -0.00,-0.13,0.00
15:42:58.568 -> -0.34,-0.28,8.78, -0.03,-0.13,0.00
15:42:58.615 -> -0.34,-0.31,8.77, -0.02,-0.13,0.00
15:42:58.662 -> -0.33,-0.30,8.76, -0.02,-0.13,0.00
15:42:58.709 -> -0.34,-0.33,8.76, -0.03,-0.13,-0.00
15:42:58.756 -> -0.35,-0.28,8.83, -0.01,-0.13,0.00
15:42:58.803 -> -0.32,-0.32,8.78, -0.03,-0.13,0.01
15:42:58.850 -> -0.32,-0.31,8.80, -0.00,-0.13,0.00
15:42:58.897 -> -0.34,-0.31,8.76, -0.01,-0.13,0.01
15:42:58.943 -> -0.34,-0.31,8.79, -0.03,-0.13,0.00
15:42:58.990 -> -0.36,-0.33,8.74, -0.03,-0.13,0.00
15:42:59.037 -> -0.33,-0.34,8.75, -0.01,-0.13,0.01
15:42:59.084 -> -0.34,-0.31,8.80, -0.00,-0.13,0.00
15:42:59.131 -> -0.34,-0.32,8.81, -0.03,-0.13,0.00
15:42:59.225 -> -0.32,-0.34,8.80, -0.01,-0.13,0.00
15:42:59.271 -> -0.34,-0.32,8.77, 0.01,-0.13,0.01
15:42:59.318 -> -0.34,-0.32,8.78, -0.03,-0.13,0.00
15:42:59.365 -> -0.35,-0.33,8.77, -0.03,-0.13,0.00
15:42:59.412 -> -0.34,-0.33,8.78, -0.03,-0.13,0.00
15:42:59.459 -> -0.33,-0.33,8.77, 0.01,-0.13,0.00
15:42:59.506 -> -0.34,-0.31,8.77, 0.01,-0.13,0.00
15:42:59.553 -> -0.33,-0.34,8.77, -0.03,-0.13,0.00
15:42:59.600 -> -0.36,-0.33,8.76, -0.02,-0.13,0.00
15:42:59.646 -> -0.40,-0.27,8.87, -0.00,-0.13,-0.02
15:42:59.693 -> -0.60,-0.18,8.79, -0.07,-0.13,-0.07
15:42:59.740 -> -0.52,0.80,8.57, -0.02,-0.13,-0.14
15:42:59.787 -> -0.78,1.53,8.79, 0.18,-0.13,-0.23
15:42:59.834 -> -0.91,2.74,8.83, 0.16,-0.14,-0.29
15:42:59.881 -> -0.98,2.78,8.84, -0.10,-0.13,-0.29
15:42:59.974 -> -0.15,2.94,8.77, -0.11,-0.14,-0.23
15:43:00.030 -> 0.05,1.91,8.11, 0.09,-0.17,-0.04
15:43:00.030 -> -0.18,0.61,8.73, 0.10,-0.16,0.17
15:43:00.123 -> 0.40,-0.04,8.72, 0.08,-0.15,0.29
15:43:00.170 -> 0.09,-0.56,8.73, 0.08,-0.12,0.47
15:43:00.217 -> -0.10,-1.36,8.76, 0.02,-0.11,0.34
15:43:00.264 -> -0.42,-2.83,8.75, -0.03,-0.12,0.47
15:43:00.311 -> -1.02,-3.63,8.73, -0.07,-0.16,0.10
15:43:00.358 -> -0.91,-2.72,8.73, -0.06,-0.17,0.05
15:43:00.405 -> 0.17,-1.74,8.84, -0.10,-0.21,-0.15
15:43:00.453 -> -0.15,-1.57,8.74, -0.15,-0.21,-0.02
15:43:00.499 -> -0.04,-1.23,8.77, -0.08,-0.18,-0.05
15:43:00.546 -> -0.18,-0.32,8.85, -0.01,-0.15,-0.01
15:43:00.593 -> -0.17,-0.24,8.78, -0.01,-0.12,-0.01
15:43:00.640 -> -0.21,-0.27,8.80, -0.05,-0.13,0.00
15:43:00.687 -> -0.18,-0.32,8.79, -0.02,-0.14,0.01
15:43:00.734 -> -0.18,-0.29,8.81, -0.01,-0.12,0.00
15:43:00.781 -> -0.21,-0.29,8.77, 0.00,-0.13,0.01
15:43:00.874 -> -0.18,-0.29,8.77, -0.01,-0.12,-0.00
15:43:00.921 -> -0.22,-0.27,8.79, 0.02,-0.12,-0.00
15:43:00.968 -> -0.23,-0.24,8.79, 0.00,-0.13,0.00
15:43:01.015 -> -0.18,-0.24,8.82, -0.01,-0.13,0.00
15:43:01.062 -> -0.25,-0.25,8.76, -0.02,-0.14,0.01
15:43:01.109 -> -0.21,-0.24,8.80, -0.01,-0.12,-0.00
15:43:01.156 -> -0.20,-0.24,8.80, -0.02,-0.13,0.00
15:43:01.202 -> -0.20,-0.27,8.78, -0.02,-0.13,0.01
15:43:01.249 -> -0.19,-0.26,8.79, -0.01,-0.12,-0.00
15:43:01.296 -> -0.22,-0.24,8.78, -0.02,-0.13,0.01
15:43:01.343 -> -0.22,-0.25,8.81, -0.02,-0.12,-0.00
15:43:01.390 -> -0.21,-0.24,8.77, -0.01,-0.13,0.00
15:43:01.437 -> -0.19,-0.25,8.78, -0.01,-0.13,0.00
15:43:01.484 -> -0.23,-0.26,8.78, -0.01,-0.13,0.00
15:43:01.530 -> -0.24,-0.25,8.75, -0.01,-0.13,0.00
15:43:01.624 -> -0.22,-0.23,8.80, -0.01,-0.13,0.00
15:43:01.671 -> -0.22,-0.23,8.79, -0.02,-0.13,-0.00
15:43:01.718 -> -0.21,-0.22,8.79, -0.02,-0.13,0.00
15:43:01.765 -> -0.19,-0.23,8.82, -0.01,-0.13,-0.02
15:43:01.812 -> -0.20,-0.20,8.79, -0.00,-0.13,-0.02
15:43:01.859 -> -0.21,-0.22,8.78, -0.01,-0.13,-0.01
15:43:01.905 -> -0.21,-0.23,8.79, -0.01,-0.13,-0.01
15:43:01.952 -> -0.23,-0.24,8.80, -0.00,-0.13,0.00
15:43:01.999 -> -0.21,-0.23,8.80, -0.00,-0.13,-0.01
15:43:02.046 -> -0.22,-0.23,8.79, -0.02,-0.13,0.00
15:43:02.093 -> -0.22,-0.24,8.76, -0.02,-0.13,0.00
15:43:02.140 -> -0.23,-0.28,8.75, 0.00,-0.13,-0.00
15:43:02.187 -> -0.21,-0.23,8.80, -0.00,-0.13,0.00
15:43:02.233 -> -0.23,-0.21,8.78, 0.00,-0.13,-0.02
15:43:02.280 -> -0.24,-0.21,8.79, -0.01,-0.13,0.00
15:43:02.374 -> -0.20,-0.22,8.79, -0.02,-0.13,0.00
15:43:02.421 -> -0.24,-0.23,8.77, -0.02,-0.13,0.01
15:43:02.469 -> -0.20,-0.22,8.81, -0.02,-0.13,0.01
15:43:02.516 -> -0.23,-0.24,8.77, -0.02,-0.13,0.00
15:43:02.563 -> -0.20,-0.22,8.80, -0.01,-0.13,0.00
15:43:02.610 -> -0.22,-0.24,8.76, -0.01,-0.13,0.00
15:43:02.658 -> -0.23,-0.23,8.77, -0.02,-0.13,0.00
15:43:02.705 -> -0.22,-0.23,8.80, -0.02,-0.13,0.00
15:43:02.752 -> -0.22,-0.23,8.79, -0.02,-0.13,0.01
15:43:02.798 -> -0.19,-0.22,8.78, -0.01,-0.13,0.00
15:43:02.845 -> -0.19,-0.23,8.76, -0.00,-0.13,0.00
15:43:02.892 -> -0.23,-0.19,8.79, -0.01,-0.13,0.00
15:43:02.939 -> -0.22,-0.23,8.77, -0.03,-0.13,0.00
15:43:02.986 -> -0.22,-0.24,8.74, -0.01,-0.13,0.01
15:43:03.033 -> -0.23,-0.22,8.76, -0.01,-0.13,0.00
15:43:03.079 -> -0.23,-0.23,8.79, -0.02,-0.13,0.01
15:43:03.173 -> -0.19,-0.23,8.78, -0.01,-0.12,0.00
15:43:03.220 -> -0.23,-0.22,8.79, -0.01,-0.13,0.00
15:43:03.267 -> -0.22,-0.23,8.79, -0.02,-0.13,0.00
15:43:03.314 -> -0.22,-0.22,8.78, -0.02,-0.13,0.00
15:43:03.361 -> -0.23,-0.23,8.78, -0.01,-0.13,0.00
15:43:03.408 -> -0.22,-0.23,8.79, -0.01,-0.13,0.00
15:43:03.454 -> -0.22,-0.24,8.81, -0.02,-0.13,0.00
15:43:03.501 -> -0.29,-0.29,8.79, -0.02,-0.13,0.01
15:43:03.548 -> -0.23,-0.23,8.77, -0.02,-0.13,0.00
15:43:03.595 -> -0.23,-0.23,8.80, -0.03,-0.14,0.00
15:43:03.642 -> -0.23,-0.23,8.74, -0.02,-0.13,0.01
15:43:03.689 -> -0.39,-0.44,8.85, -0.02,-0.13,0.02
15:43:03.736 -> -0.12,-0.23,8.76, -0.03,-0.14,0.01
15:43:03.782 -> -0.11,-0.43,8.88, -0.02,-0.14,0.01
15:43:03.831 -> -0.33,-0.28,8.73, -0.04,-0.13,-0.05
15:43:03.924 -> -0.21,-0.27,8.80, -0.03,-0.12,-0.02
15:43:03.971 -> -0.17,-0.23,8.71, -0.07,-0.11,-0.05
15:43:04.018 -> -0.44,-0.14,9.24, -0.11,-0.13,-0.10
15:43:04.066 -> 0.97,0.88,6.64, 0.13,0.27,0.32
15:43:04.113 -> 0.16,-0.16,7.42, 0.15,-0.64,0.45
15:43:04.160 -> -0.16,-0.19,8.56, 0.13,-0.47,0.04
15:43:04.206 -> -0.02,-0.15,8.17, 0.04,-0.25,0.02
15:43:04.253 -> -0.22,-0.19,8.57, -0.02,-0.08,0.01
15:43:04.300 -> -0.43,-0.27,8.92, -0.01,-0.12,0.01
15:43:04.347 -> -0.34,-0.22,8.74, -0.01,-0.14,0.01
15:43:04.394 -> -0.32,-0.24,8.80, -0.02,-0.12,0.00
15:43:04.441 -> -0.34,-0.23,8.78, -0.01,-0.13,0.00
15:43:04.488 -> -0.33,-0.23,8.77, -0.01,-0.13,0.00
15:43:04.534 -> -0.34,-0.23,8.80, -0.01,-0.13,0.00
15:43:04.581 -> -0.34,-0.24,8.78, -0.01,-0.13,0.00
15:43:04.675 -> -0.36,-0.23,8.78, -0.01,-0.13,0.00
15:43:04.722 -> -0.36,-0.26,8.79, -0.01,-0.13,0.00
15:43:04.769 -> -0.34,-0.23,8.78, -0.01,-0.13,0.00
15:43:04.816 -> -0.34,-0.23,8.77, -0.01,-0.13,0.00
15:43:04.862 -> -0.33,-0.23,8.76, -0.01,-0.13,0.00
15:43:04.909 -> -0.37,-0.23,8.76, -0.01,-0.13,0.00
15:43:04.956 -> -0.35,-0.24,8.79, -0.01,-0.13,0.00
15:43:05.003 -> -0.34,-0.25,8.77, -0.01,-0.13,0.00
15:43:05.050 -> -0.34,-0.23,8.79, -0.01,-0.13,0.00
15:43:05.097 -> -0.34,-0.21,8.78, -0.01,-0.13,0.00
15:43:05.144 -> -0.34,-0.21,8.77, -0.01,-0.13,0.00
15:43:05.191 -> -0.35,-0.24,8.77, -0.01,-0.13,0.00
15:43:05.237 -> -0.35,-0.24,8.78, -0.02,-0.13,0.00
15:43:05.284 -> -0.34,-0.22,8.78, -0.01,-0.13,0.00
